
For primitive element:{1 0 0 0 0 1 1 } = 1*x^0 + 1*x^5 + 1*x^6 and for beta = a^58
(60)th order Costas Array :
{29 2 22 60 27 6 43 46 26 59 15 56 50 14 4 25 18 31 40 54 9 57 33 32 34 51 42 39 49 30 45 10 44 52 12 38 24 1 8 19 35 47 16 20 55 53 21 5 11 3 48 7 58 41 36 23 28 17 13 37 }

For primitive element:{1 1 1 0 0 1 1 } = 1*x^0 + 1*x^1 + 1*x^2 + 1*x^5 + 1*x^6 and for beta = a^25
(60)th order Costas Array :
{38 2 50 15 48 6 52 39 21 32 49 35 59 14 11 43 58 17 40 44 47 3 56 37 16 9 5 57 1 30 18 24 23 25 2 50 31 10 3 -1 0 38 2 50 31 10 3 -1 0 38 2 50 31 10 3 -1 0 38 2 50 }

For primitive element:{1 0 1 1 0 1 1 } = 1*x^0 + 1*x^2 + 1*x^3 + 1*x^5 + 1*x^6 and for beta = a^8
(60)th order Costas Array :
{44 2 50 27 53 6 43 39 28 56 15 45 35 14 11 25 18 17 19 58 31 51 49 32 16 29 4 9 26 30 21 24 57 52 13 38 48 36 8 40 46 55 7 1 12 41 59 37 23 3 22 34 5 60 42 10 33 20 47 54 }
