
For primitive element:{1 0 0 0 0 1 1 } = 1*x^0 + 1*x^5 + 1*x^6 and for beta = a^58
(61)th order Costas Array :
{1 30 3 23 61 28 7 44 47 27 60 16 57 51 15 5 26 19 32 41 55 10 58 34 33 35 52 43 40 50 31 46 11 45 53 13 39 25 2 9 20 36 48 17 21 56 54 22 6 12 4 49 8 59 42 37 24 29 18 14 38 }

For primitive element:{1 1 1 0 0 1 1 } = 1*x^0 + 1*x^1 + 1*x^2 + 1*x^5 + 1*x^6 and for beta = a^25
(61)th order Costas Array :
{1 39 3 51 16 49 7 53 40 22 33 50 36 60 15 12 44 59 18 41 45 48 4 57 38 17 10 6 58 2 31 19 25 24 26 3 51 32 11 4 0 1 39 3 51 32 11 4 0 1 39 3 51 32 11 4 0 1 39 3 51 }

For primitive element:{1 0 1 1 0 1 1 } = 1*x^0 + 1*x^2 + 1*x^3 + 1*x^5 + 1*x^6 and for beta = a^8
(61)th order Costas Array :
{1 45 3 51 28 54 7 44 40 29 57 16 46 36 15 12 26 19 18 20 59 32 52 50 33 17 30 5 10 27 31 22 25 58 53 14 39 49 37 9 41 47 56 8 2 13 42 60 38 24 4 23 35 6 61 43 11 34 21 48 55 }
