
For primitive element:{1 1 0 0 0 0 1 } = 1*x^0 + 1*x^1 + 1*x^6 and for beta = a
(62)th order Costas Array :
{6 12 32 24 62 1 26 48 45 61 25 2 35 52 23 33 47 27 56 59 42 50 15 4 11 7 18 41 60 46 34 3 16 31 13 54 44 49 43 55 28 21 39 37 9 30 17 8 38 22 53 14 51 36 40 19 58 57 20 29 10 5 }

For primitive element:{1 1 0 0 0 0 1 } = 1*x^0 + 1*x^1 + 1*x^6 and for beta = a^2
(62)th order Costas Array :
{3 6 16 12 31 32 13 24 54 62 44 1 49 26 43 48 55 45 28 61 21 25 39 2 37 35 9 52 30 23 17 33 8 47 38 27 22 56 53 59 14 42 51 50 36 15 40 4 19 11 58 7 57 18 20 41 29 60 10 46 5 34 }

For primitive element:{1 1 0 0 0 0 1 } = 1*x^0 + 1*x^1 + 1*x^6 and for beta = a^4
(62)th order Costas Array :
{33 3 8 6 47 16 38 12 27 31 22 32 56 13 53 24 59 54 14 62 42 44 51 1 50 49 36 26 15 43 40 48 4 55 19 45 11 28 58 61 7 21 57 25 18 39 20 2 41 37 29 35 60 9 10 52 46 30 5 23 34 17 }

For primitive element:{1 1 0 0 0 0 1 } = 1*x^0 + 1*x^1 + 1*x^6 and for beta = a^5
(62)th order Costas Array :
{39 15 19 30 25 38 43 60 9 50 5 13 7 23 55 57 22 18 49 37 21 10 3 26 40 14 54 46 12 47 32 51 41 44 53 36 34 35 59 11 56 42 33 20 27 6 16 52 58 17 61 28 48 45 8 29 62 24 4 31 2 1 }

For primitive element:{1 1 0 0 0 0 1 } = 1*x^0 + 1*x^1 + 1*x^6 and for beta = a^8
(62)th order Costas Array :
{48 33 4 3 55 8 19 6 45 47 11 16 28 38 58 12 61 27 7 31 21 22 57 32 25 56 18 13 39 53 20 24 2 59 41 54 37 14 29 62 35 42 60 44 9 51 10 1 52 50 46 49 30 36 5 26 23 15 34 43 17 40 }

For primitive element:{1 1 0 0 0 0 1 } = 1*x^0 + 1*x^1 + 1*x^6 and for beta = a^10
(62)th order Costas Array :
{51 39 41 15 44 19 53 30 36 25 34 38 35 43 59 60 11 9 56 50 42 5 33 13 20 7 27 23 6 55 16 57 52 22 58 18 17 49 61 37 28 21 48 10 45 3 8 26 29 40 62 14 24 54 4 46 31 12 2 47 1 32 }

For primitive element:{1 1 0 0 0 0 1 } = 1*x^0 + 1*x^1 + 1*x^6 and for beta = a^11
(62)th order Costas Array :
{12 24 43 48 40 23 31 33 27 17 8 46 49 62 25 3 10 54 28 34 21 16 30 29 1 35 36 61 57 50 26 6 53 20 47 45 4 56 44 5 14 42 15 32 18 60 13 58 55 2 22 7 39 9 38 59 11 51 19 37 41 52 }

For primitive element:{1 1 0 0 0 0 1 } = 1*x^0 + 1*x^1 + 1*x^6 and for beta = a^13
(62)th order Costas Array :
{15 30 17 60 29 34 2 57 18 58 31 5 56 4 26 51 23 36 14 53 42 62 6 10 59 49 45 8 24 52 22 39 40 46 1 9 47 28 13 43 7 21 3 61 54 12 11 20 32 55 38 35 33 27 37 16 19 48 50 41 25 44 }

For primitive element:{1 1 0 0 0 0 1 } = 1*x^0 + 1*x^1 + 1*x^6 and for beta = a^16
(62)th order Costas Array :
{24 48 2 33 59 4 41 3 54 55 37 8 14 19 29 6 62 45 35 47 42 11 60 16 44 28 9 38 51 58 10 12 1 61 52 27 50 7 46 31 49 21 30 22 36 57 5 32 26 25 23 56 15 18 34 13 43 39 17 53 40 20 }

For primitive element:{1 1 0 0 0 0 1 } = 1*x^0 + 1*x^1 + 1*x^6 and for beta = a^17
(62)th order Costas Array :
{30 60 13 57 37 26 46 51 36 11 20 52 28 29 31 39 25 9 7 22 21 40 12 41 34 56 27 58 48 62 2 15 38 50 23 18 10 14 47 44 35 42 6 17 45 24 1 19 43 5 55 49 3 54 32 53 59 33 16 61 8 4 }

For primitive element:{1 1 0 0 0 0 1 } = 1*x^0 + 1*x^1 + 1*x^6 and for beta = a^19
(62)th order Costas Array :
{60 57 5 51 53 10 8 39 9 43 61 20 35 16 41 15 29 18 56 23 42 59 24 40 47 7 54 32 33 19 25 30 34 58 4 36 62 49 52 46 28 21 12 55 27 48 44 17 2 31 26 14 6 45 22 1 13 3 11 38 37 50 }

For primitive element:{1 1 0 0 0 0 1 } = 1*x^0 + 1*x^1 + 1*x^6 and for beta = a^20
(62)th order Costas Array :
{57 51 52 39 22 41 58 15 18 44 17 19 49 53 61 30 37 36 28 25 21 34 48 38 10 35 45 43 3 59 8 60 26 11 29 9 40 56 62 50 14 42 24 5 54 33 4 13 46 20 31 7 12 27 2 23 47 6 1 55 32 16 }

For primitive element:{1 1 0 0 0 0 1 } = 1*x^0 + 1*x^1 + 1*x^6 and for beta = a^22
(62)th order Costas Array :
{6 12 53 24 20 43 47 48 45 40 4 23 56 31 44 33 5 27 14 17 42 8 15 46 32 49 18 62 60 25 13 3 58 10 55 54 2 28 22 34 7 21 39 16 9 30 38 29 59 1 11 35 51 36 19 61 37 57 41 50 52 26 }

For primitive element:{1 1 0 0 0 0 1 } = 1*x^0 + 1*x^1 + 1*x^6 and for beta = a^23
(62)th order Costas Array :
{3 6 37 12 52 11 34 24 54 41 23 22 7 5 1 48 13 45 49 19 21 46 39 44 58 14 9 10 30 2 59 33 50 26 17 27 43 35 32 38 56 42 51 29 36 15 61 25 40 53 16 28 57 18 62 20 8 60 31 4 47 55 }

For primitive element:{1 1 0 0 0 0 1 } = 1*x^0 + 1*x^1 + 1*x^6 and for beta = a^25
(62)th order Costas Array :
{33 3 29 6 5 58 59 12 27 10 1 53 14 55 11 24 17 54 35 20 42 2 51 43 8 28 36 47 15 22 19 48 46 34 61 45 32 7 37 40 49 21 57 4 18 39 41 23 62 16 50 56 60 9 52 31 25 30 26 44 13 38 }

For primitive element:{1 1 0 0 0 0 1 } = 1*x^0 + 1*x^1 + 1*x^6 and for beta = a^26
(62)th order Costas Array :
{39 15 40 30 46 17 1 60 9 29 47 34 28 2 13 57 43 18 7 58 21 31 3 5 61 56 54 4 12 26 11 51 20 23 32 36 55 14 38 53 35 42 33 62 27 6 37 10 16 59 19 49 48 45 50 8 41 24 25 52 44 22 }

For primitive element:{1 1 0 0 0 0 1 } = 1*x^0 + 1*x^1 + 1*x^6 and for beta = a^29
(62)th order Costas Array :
{48 33 25 3 13 50 40 6 45 26 53 37 49 17 16 12 19 27 28 52 21 43 57 11 46 35 18 34 39 32 62 24 44 38 20 54 58 56 8 41 14 42 60 23 9 51 31 22 10 29 4 7 30 36 47 5 2 15 55 1 59 61 }

For primitive element:{1 1 0 0 0 0 1 } = 1*x^0 + 1*x^1 + 1*x^6 and for beta = a^31
(62)th order Costas Array :
{51 39 62 15 2 61 11 30 36 4 13 59 56 22 17 60 32 9 14 8 42 26 33 55 41 49 27 44 6 34 58 57 31 1 37 18 38 28 40 16 7 21 48 52 45 3 29 47 50 19 20 35 24 54 46 25 10 12 23 5 43 53 }

For primitive element:{1 1 0 0 0 0 1 } = 1*x^0 + 1*x^1 + 1*x^6 and for beta = a^32
(62)th order Costas Array :
{12 24 1 48 61 2 52 33 27 59 50 4 7 41 46 3 31 54 49 55 21 37 30 8 22 14 36 19 57 29 5 6 32 62 26 45 25 35 23 47 56 42 15 11 18 60 34 16 13 44 43 28 39 9 17 38 53 51 40 58 20 10 }

For primitive element:{1 1 0 0 0 0 1 } = 1*x^0 + 1*x^1 + 1*x^6 and for beta = a^34
(62)th order Costas Array :
{15 30 38 60 50 13 23 57 18 37 10 26 14 46 47 51 44 36 35 11 42 20 6 52 17 28 45 29 24 31 1 39 19 25 43 9 5 7 55 22 49 21 3 40 54 12 32 41 53 34 59 56 33 27 16 58 61 48 8 62 4 2 }

For primitive element:{1 1 0 0 0 0 1 } = 1*x^0 + 1*x^1 + 1*x^6 and for beta = a^37
(62)th order Costas Array :
{24 48 23 33 17 46 62 3 54 34 16 29 35 61 50 6 20 45 56 5 42 32 60 58 2 7 9 59 51 37 52 12 43 40 31 27 8 49 25 10 28 21 30 1 36 57 26 53 47 4 44 14 15 18 13 55 22 39 38 11 19 41 }

For primitive element:{1 1 0 0 0 0 1 } = 1*x^0 + 1*x^1 + 1*x^6 and for beta = a^38
(62)th order Costas Array :
{30 60 34 57 58 5 4 51 36 53 62 10 49 8 52 39 46 9 28 43 21 61 12 20 55 35 27 16 48 41 44 15 17 29 2 18 31 56 26 23 14 42 6 59 45 24 22 40 1 47 13 7 3 54 11 32 38 33 37 19 50 25 }

For primitive element:{1 1 0 0 0 0 1 } = 1*x^0 + 1*x^1 + 1*x^6 and for beta = a^40
(62)th order Costas Array :
{60 57 26 51 11 52 29 39 9 22 40 41 56 58 62 15 50 18 14 44 42 17 24 19 5 49 54 53 33 61 4 30 13 37 46 36 20 28 31 25 7 21 12 34 27 48 2 38 23 10 47 35 6 45 1 43 55 3 32 59 16 8 }

For primitive element:{1 1 0 0 0 0 1 } = 1*x^0 + 1*x^1 + 1*x^6 and for beta = a^41
(62)th order Costas Array :
{57 51 10 39 43 20 16 15 18 23 59 40 7 32 19 30 58 36 49 46 21 55 48 17 31 14 45 1 3 38 50 60 5 53 8 9 61 35 41 29 56 42 24 47 54 33 25 34 4 62 52 28 12 27 44 2 26 6 22 13 11 37 }

For primitive element:{1 1 0 0 0 0 1 } = 1*x^0 + 1*x^1 + 1*x^6 and for beta = a^43
(62)th order Costas Array :
{6 12 11 24 41 22 5 48 45 19 46 44 14 10 2 33 26 27 35 38 42 29 15 25 53 28 18 20 60 4 55 3 37 52 34 54 23 7 1 13 49 21 39 58 9 30 59 50 17 43 32 56 51 36 61 40 16 57 62 8 31 47 }

For primitive element:{1 1 0 0 0 0 1 } = 1*x^0 + 1*x^1 + 1*x^6 and for beta = a^44
(62)th order Costas Array :
{3 6 58 12 10 53 55 24 54 20 2 43 28 47 22 48 34 45 7 40 21 4 39 23 16 56 9 31 30 44 38 33 29 5 59 27 1 14 11 17 35 42 51 8 36 15 19 46 61 32 37 49 57 18 41 62 50 60 52 25 26 13 }

For primitive element:{1 1 0 0 0 0 1 } = 1*x^0 + 1*x^1 + 1*x^6 and for beta = a^46
(62)th order Costas Array :
{33 3 50 6 26 37 17 12 27 52 43 11 35 34 32 24 38 54 56 41 42 23 51 22 29 7 36 5 15 1 61 48 25 13 40 45 53 49 16 19 28 21 57 46 18 39 62 44 20 58 8 14 60 9 31 10 4 30 47 2 55 59 }

For primitive element:{1 1 0 0 0 0 1 } = 1*x^0 + 1*x^1 + 1*x^6 and for beta = a^47
(62)th order Costas Array :
{39 15 61 30 4 59 22 60 9 8 26 55 49 44 34 57 1 18 28 16 21 52 3 47 19 35 54 25 12 5 53 51 62 2 11 36 13 56 17 32 14 42 33 41 27 6 58 31 37 38 40 7 48 45 29 50 20 24 46 10 23 43 }

For primitive element:{1 1 0 0 0 0 1 } = 1*x^0 + 1*x^1 + 1*x^6 and for beta = a^50
(62)th order Costas Array :
{48 33 46 3 34 29 61 6 45 5 32 58 7 59 37 12 40 27 49 10 21 1 57 53 4 14 18 55 39 11 41 24 23 17 62 54 16 35 50 20 56 42 60 2 9 51 52 43 31 8 25 28 30 36 26 47 44 15 13 22 38 19 }

For primitive element:{1 1 0 0 0 0 1 } = 1*x^0 + 1*x^1 + 1*x^6 and for beta = a^52
(62)th order Costas Array :
{51 39 20 15 23 40 32 30 36 46 55 17 14 1 38 60 53 9 35 29 42 47 33 34 62 28 27 2 6 13 37 57 10 43 16 18 59 7 19 58 49 21 48 31 45 3 50 5 8 61 41 56 24 54 25 4 52 12 44 26 22 11 }

For primitive element:{1 1 0 0 0 0 1 } = 1*x^0 + 1*x^1 + 1*x^6 and for beta = a^53
(62)th order Costas Array :
{12 24 22 48 19 44 10 33 27 38 29 25 28 20 4 3 52 54 7 13 21 58 30 50 43 56 36 40 57 8 47 6 11 41 5 45 46 14 2 26 35 42 15 53 18 60 55 37 34 23 1 49 39 9 59 17 32 51 61 16 62 31 }

For primitive element:{1 1 0 0 0 0 1 } = 1*x^0 + 1*x^1 + 1*x^6 and for beta = a^55
(62)th order Costas Array :
{15 30 59 60 8 55 44 57 18 16 52 47 35 25 5 51 2 36 56 32 42 41 6 31 38 7 45 50 24 10 43 39 61 4 22 9 26 49 34 1 28 21 3 19 54 12 53 62 11 13 17 14 33 27 58 37 40 48 29 20 46 23 }

For primitive element:{1 1 0 0 0 0 1 } = 1*x^0 + 1*x^1 + 1*x^6 and for beta = a^58
(62)th order Costas Array :
{24 48 44 33 38 25 20 3 54 13 58 50 56 40 8 6 41 45 14 26 42 53 60 37 23 49 9 17 51 16 31 12 22 19 10 27 29 28 4 52 7 21 30 43 36 57 47 11 5 46 2 35 15 18 55 34 1 39 59 32 61 62 }

For primitive element:{1 1 0 0 0 0 1 } = 1*x^0 + 1*x^1 + 1*x^6 and for beta = a^59
(62)th order Costas Array :
{30 60 55 57 16 47 25 51 36 32 41 31 7 50 10 39 4 9 49 1 21 19 12 62 13 14 27 37 48 20 23 15 59 8 44 18 52 35 5 2 56 42 6 38 45 24 43 61 22 26 34 28 3 54 53 11 17 33 58 40 29 46 }

For primitive element:{1 1 0 0 0 0 1 } = 1*x^0 + 1*x^1 + 1*x^6 and for beta = a^61
(62)th order Costas Array :
{60 57 47 51 32 31 50 39 9 1 19 62 14 37 20 15 8 18 35 2 42 38 24 61 26 28 54 11 33 40 46 30 55 16 25 36 41 7 10 4 49 21 12 13 27 48 23 59 44 52 5 56 6 45 43 22 34 3 53 17 58 29 }

For primitive element:{1 1 0 0 0 0 1 } = 1*x^0 + 1*x^1 + 1*x^6 and for beta = a^62
(62)th order Costas Array :
{57 51 31 39 1 62 37 15 18 2 38 61 28 11 40 30 16 36 7 4 21 13 48 59 52 56 45 22 3 17 29 60 47 32 50 9 19 14 20 8 35 42 24 26 54 33 46 55 25 41 10 49 12 27 23 44 5 6 43 34 53 58 }

For primitive element:{1 1 0 1 1 0 1 } = 1*x^0 + 1*x^1 + 1*x^3 + 1*x^4 + 1*x^6 and for beta = a
(62)th order Costas Array :
{0 0 0 0 0 0 0 0 0 0 0 0 0 0 0 0 0 0 0 0 0 0 0 0 0 0 0 0 0 0 0 0 0 0 0 0 0 0 0 0 0 0 0 0 0 0 0 0 0 0 0 0 0 0 0 0 0 0 0 0 0 0 }

For primitive element:{1 1 0 1 1 0 1 } = 1*x^0 + 1*x^1 + 1*x^3 + 1*x^4 + 1*x^6 and for beta = a^2
(62)th order Costas Array :
{28 56 38 49 15 13 4 4 4 4 4 4 4 4 4 4 4 4 4 4 4 4 4 4 4 4 4 4 4 4 4 4 4 4 4 4 4 4 4 4 4 4 4 4 4 4 4 4 4 4 4 4 4 4 4 4 4 4 4 4 4 4 }

For primitive element:{1 0 0 0 0 1 1 } = 1*x^0 + 1*x^5 + 1*x^6 and for beta = a
(62)th order Costas Array :
{58 53 34 43 6 5 44 23 27 12 49 10 41 25 55 46 33 54 26 24 42 35 8 20 14 19 9 50 32 47 60 29 17 3 22 45 56 52 59 48 13 21 4 7 36 16 30 40 11 28 61 38 2 18 15 37 62 1 39 31 51 57 }

For primitive element:{1 0 0 0 0 1 1 } = 1*x^0 + 1*x^5 + 1*x^6 and for beta = a^2
(62)th order Costas Array :
{29 58 17 53 3 34 22 43 45 6 56 5 52 44 59 23 48 27 13 12 21 49 4 10 7 41 36 25 16 55 30 46 40 33 11 54 28 26 61 24 38 42 2 35 18 8 15 20 37 14 62 19 1 9 39 50 31 32 51 47 57 60 }

For primitive element:{1 0 0 0 0 1 1 } = 1*x^0 + 1*x^5 + 1*x^6 and for beta = a^4
(62)th order Costas Array :
{46 29 40 58 33 17 11 53 54 3 28 34 26 22 61 43 24 45 38 6 42 56 2 5 35 52 18 44 8 59 15 23 20 48 37 27 14 13 62 12 19 21 1 49 9 4 39 10 50 7 31 41 32 36 51 25 47 16 57 55 60 30 }

For primitive element:{1 0 0 0 0 1 1 } = 1*x^0 + 1*x^5 + 1*x^6 and for beta = a^5
(62)th order Costas Array :
{62 61 32 59 39 1 34 55 18 15 35 2 46 5 11 47 57 36 43 30 21 7 52 4 28 29 27 10 19 22 12 31 16 51 17 9 49 23 37 60 53 42 26 14 45 41 6 8 40 56 50 58 13 54 3 20 25 38 33 44 48 24 }

For primitive element:{1 0 0 0 0 1 1 } = 1*x^0 + 1*x^5 + 1*x^6 and for beta = a^8
(62)th order Costas Array :
{23 46 20 29 48 40 37 58 27 33 14 17 13 11 62 53 12 54 19 3 21 28 1 34 49 26 9 22 4 61 39 43 10 24 50 45 7 38 31 6 41 42 32 56 36 2 51 5 25 35 47 52 16 18 57 44 55 8 60 59 30 15 }

For primitive element:{1 0 0 0 0 1 1 } = 1*x^0 + 1*x^5 + 1*x^6 and for beta = a^10
(62)th order Costas Array :
{31 62 16 61 51 32 17 59 9 39 49 1 23 34 37 55 60 18 53 15 42 35 26 2 14 46 45 5 41 11 6 47 8 57 40 36 56 43 50 30 58 21 13 7 54 52 3 4 20 28 25 29 38 27 33 10 44 19 48 22 24 12 }

For primitive element:{1 0 0 0 0 1 1 } = 1*x^0 + 1*x^5 + 1*x^6 and for beta = a^11
(62)th order Costas Array :
{11 22 26 44 12 52 4 25 54 24 56 41 61 8 5 50 3 45 31 48 21 49 58 19 7 59 18 16 43 10 57 37 13 6 2 27 28 62 34 33 47 42 29 35 9 53 60 38 1 14 17 55 46 36 30 32 40 23 15 20 39 51 }

For primitive element:{1 0 0 0 0 1 1 } = 1*x^0 + 1*x^5 + 1*x^6 and for beta = a^13
(62)th order Costas Array :
{19 38 22 13 15 44 47 26 36 30 28 25 8 31 43 52 51 9 2 60 42 56 20 50 35 16 54 62 17 23 24 41 11 39 55 18 14 4 53 57 1 21 10 49 27 40 12 37 59 7 58 32 5 45 6 61 29 34 3 46 33 48 }

For primitive element:{1 0 0 0 0 1 1 } = 1*x^0 + 1*x^5 + 1*x^6 and for beta = a^16
(62)th order Costas Array :
{43 23 10 46 24 20 50 29 45 48 7 40 38 37 31 58 6 27 41 33 42 14 32 17 56 13 36 11 2 62 51 53 5 12 25 54 35 19 47 3 52 21 16 28 18 1 57 34 44 49 55 26 8 9 60 22 59 4 30 61 15 39 }

For primitive element:{1 0 0 0 0 1 1 } = 1*x^0 + 1*x^5 + 1*x^6 and for beta = a^17
(62)th order Costas Array :
{59 55 2 47 30 4 10 31 9 60 14 8 58 20 44 62 39 18 46 57 21 28 19 16 49 53 45 40 13 25 48 61 1 15 5 36 7 29 22 51 23 42 41 56 54 38 24 32 34 35 11 43 52 27 12 17 37 26 6 50 3 33 }

For primitive element:{1 0 0 0 0 1 1 } = 1*x^0 + 1*x^5 + 1*x^6 and for beta = a^19
(62)th order Costas Array :
{13 26 25 52 60 50 62 41 18 57 49 37 32 61 46 19 15 36 8 51 42 35 17 11 14 1 27 59 5 29 33 38 44 30 31 9 56 16 23 39 4 21 40 7 45 34 48 22 47 28 43 2 20 54 24 55 53 10 12 58 6 3 }

For primitive element:{1 0 0 0 0 1 1 } = 1*x^0 + 1*x^5 + 1*x^6 and for beta = a^20
(62)th order Costas Array :
{47 31 8 62 57 16 40 61 36 51 56 32 43 17 50 59 30 9 58 39 21 49 13 1 7 23 54 34 52 37 3 55 4 60 20 18 28 53 25 15 29 42 38 35 27 26 33 2 10 14 44 46 19 45 48 5 22 41 24 11 12 6 }

For primitive element:{1 0 0 0 0 1 1 } = 1*x^0 + 1*x^5 + 1*x^6 and for beta = a^22
(62)th order Costas Array :
{37 11 13 22 6 26 2 44 27 12 28 52 62 4 34 25 33 54 47 24 42 56 29 41 35 61 9 8 53 5 60 50 38 3 1 45 14 31 17 48 55 21 46 49 36 58 30 19 32 7 40 59 23 18 15 16 20 43 39 10 51 57 }

For primitive element:{1 0 0 0 0 1 1 } = 1*x^0 + 1*x^5 + 1*x^6 and for beta = a^23
(62)th order Costas Array :
{8 16 59 32 3 55 43 1 45 6 35 47 10 23 38 2 48 27 34 12 21 7 25 31 28 20 36 46 37 13 30 4 61 33 53 54 49 5 19 24 17 42 44 14 18 50 15 62 58 56 41 40 22 9 39 29 52 11 51 26 57 60 }

For primitive element:{1 0 0 0 0 1 1 } = 1*x^0 + 1*x^5 + 1*x^6 and for beta = a^25
(62)th order Costas Array :
{25 50 19 37 33 38 32 11 54 3 7 13 47 1 40 22 24 45 59 6 42 14 23 26 56 31 18 2 29 17 15 44 41 48 16 27 35 55 20 12 61 21 43 28 9 46 39 52 8 49 10 62 53 36 51 4 5 58 57 34 60 30 }

For primitive element:{1 0 0 0 0 1 1 } = 1*x^0 + 1*x^5 + 1*x^6 and for beta = a^26
(62)th order Costas Array :
{41 19 11 38 39 22 55 13 18 15 14 44 4 47 53 26 57 36 1 30 21 28 10 25 49 8 27 31 40 43 12 52 37 51 59 9 7 2 58 60 32 42 5 56 45 20 6 50 61 35 29 16 34 54 3 62 46 17 33 23 48 24 }

For primitive element:{1 0 0 0 0 1 1 } = 1*x^0 + 1*x^5 + 1*x^6 and for beta = a^29
(62)th order Costas Array :
{2 4 62 8 48 61 58 16 27 33 56 59 34 53 41 32 12 54 40 3 21 49 22 55 7 5 9 43 25 19 39 1 31 24 29 45 28 17 52 6 20 42 11 35 36 44 51 47 46 14 26 10 37 18 57 23 13 50 60 38 30 15 }

For primitive element:{1 0 0 0 0 1 1 } = 1*x^0 + 1*x^5 + 1*x^6 and for beta = a^31
(62)th order Costas Array :
{10 20 58 40 51 53 38 17 9 39 28 43 44 13 16 34 60 18 11 15 42 56 47 23 35 25 45 26 62 32 6 5 29 57 19 36 14 22 8 30 37 21 55 49 54 31 3 46 41 7 4 50 59 27 33 52 2 61 48 1 24 12 }

For primitive element:{1 0 0 0 0 1 1 } = 1*x^0 + 1*x^5 + 1*x^6 and for beta = a^32
(62)th order Costas Array :
{53 43 5 23 12 10 25 46 54 24 35 20 19 50 47 29 3 45 52 48 21 7 16 40 28 38 18 37 1 31 57 58 34 6 44 27 49 41 55 33 26 42 8 14 9 32 60 17 22 56 59 13 4 36 30 11 61 2 15 62 39 51 }

For primitive element:{1 0 0 0 0 1 1 } = 1*x^0 + 1*x^5 + 1*x^6 and for beta = a^34
(62)th order Costas Array :
{61 59 1 55 15 2 5 47 36 30 7 4 29 10 22 31 51 9 23 60 42 14 41 8 56 58 54 20 38 44 24 62 32 39 34 18 35 46 11 57 43 21 52 28 27 19 12 16 17 49 37 53 26 45 6 40 50 13 3 25 33 48 }

For primitive element:{1 0 0 0 0 1 1 } = 1*x^0 + 1*x^5 + 1*x^6 and for beta = a^37
(62)th order Costas Array :
{22 44 52 25 24 41 8 50 45 48 49 19 59 16 10 37 6 27 62 33 42 35 53 38 14 55 36 32 23 20 51 11 26 12 4 54 56 61 5 3 31 21 58 7 18 43 57 13 2 28 34 47 29 9 60 1 17 46 30 40 15 39 }

For primitive element:{1 0 0 0 0 1 1 } = 1*x^0 + 1*x^5 + 1*x^6 and for beta = a^38
(62)th order Costas Array :
{38 13 44 26 30 25 31 52 9 60 56 50 16 62 23 41 39 18 4 57 21 49 40 37 7 32 45 61 34 46 48 19 22 15 47 36 28 8 43 51 2 42 20 35 54 17 24 11 55 14 53 1 10 27 12 59 58 5 6 29 3 33 }

For primitive element:{1 0 0 0 0 1 1 } = 1*x^0 + 1*x^5 + 1*x^6 and for beta = a^40
(62)th order Costas Array :
{55 47 4 31 60 8 20 62 18 57 28 16 53 40 25 61 15 36 29 51 42 56 38 32 35 43 27 17 26 50 33 59 2 30 10 9 14 58 44 39 46 21 19 49 45 13 48 1 5 7 22 23 41 54 24 34 11 52 12 37 6 3 }

For primitive element:{1 0 0 0 0 1 1 } = 1*x^0 + 1*x^5 + 1*x^6 and for beta = a^41
(62)th order Costas Array :
{26 52 50 41 57 37 61 19 36 51 35 11 1 59 29 38 30 9 16 39 21 7 34 22 28 2 54 55 10 58 3 13 25 60 62 18 49 32 46 15 8 42 17 14 27 5 33 44 31 56 23 4 40 45 48 47 43 20 24 53 12 6 }

For primitive element:{1 0 0 0 0 1 1 } = 1*x^0 + 1*x^5 + 1*x^6 and for beta = a^43
(62)th order Costas Array :
{16 32 55 1 6 47 23 2 27 12 7 31 20 46 13 4 33 54 5 24 42 14 50 62 56 40 9 29 11 26 60 8 59 3 43 45 35 10 38 48 34 21 25 28 36 37 30 61 53 49 19 17 44 18 15 58 41 22 39 52 51 57 }

For primitive element:{1 0 0 0 0 1 1 } = 1*x^0 + 1*x^5 + 1*x^6 and for beta = a^44
(62)th order Costas Array :
{50 37 38 11 3 13 1 22 45 6 14 26 31 2 17 44 48 27 55 12 21 28 46 52 49 62 36 4 58 34 30 25 19 33 32 54 7 47 40 24 59 42 23 56 18 29 15 41 16 35 20 61 43 9 39 8 10 53 51 5 57 60 }

For primitive element:{1 0 0 0 0 1 1 } = 1*x^0 + 1*x^5 + 1*x^6 and for beta = a^46
(62)th order Costas Array :
{4 8 61 16 33 59 53 32 54 3 49 55 5 43 19 1 24 45 17 6 42 35 44 47 14 10 18 23 50 38 15 2 62 48 58 27 56 34 41 12 40 21 22 7 9 25 39 31 29 28 52 20 11 36 51 46 26 37 57 13 60 30 }

For primitive element:{1 0 0 0 0 1 1 } = 1*x^0 + 1*x^5 + 1*x^6 and for beta = a^47
(62)th order Costas Array :
{20 40 53 17 39 43 13 34 18 15 56 23 25 26 32 5 57 36 22 30 21 49 31 46 7 50 27 52 61 1 12 10 58 51 38 9 28 44 16 60 11 42 47 35 45 62 6 29 19 14 8 37 55 54 3 41 4 59 33 2 48 24 }

For primitive element:{1 0 0 0 0 1 1 } = 1*x^0 + 1*x^5 + 1*x^6 and for beta = a^50
(62)th order Costas Array :
{44 25 41 50 48 19 16 37 27 33 35 38 55 32 20 11 12 54 61 3 21 7 43 13 28 47 9 1 46 40 39 22 52 24 8 45 49 59 10 6 62 42 53 14 36 23 51 26 4 56 5 31 58 18 57 2 34 29 60 17 30 15 }

For primitive element:{1 0 0 0 0 1 1 } = 1*x^0 + 1*x^5 + 1*x^6 and for beta = a^52
(62)th order Costas Array :
{52 41 37 19 51 11 59 38 9 39 7 22 2 55 58 13 60 18 32 15 42 14 5 44 56 4 45 47 20 53 6 26 50 57 61 36 35 1 29 30 16 21 34 28 54 10 3 25 62 49 46 8 17 27 33 31 23 40 48 43 24 12 }

For primitive element:{1 0 0 0 0 1 1 } = 1*x^0 + 1*x^5 + 1*x^6 and for beta = a^53
(62)th order Costas Array :
{32 1 47 2 12 31 46 4 54 24 14 62 40 29 26 8 3 45 10 48 21 28 37 61 49 17 18 58 22 52 57 16 55 6 23 27 7 20 13 33 5 42 50 56 9 11 60 59 43 35 38 34 25 36 30 53 19 44 15 41 39 51 }

For primitive element:{1 0 0 0 0 1 1 } = 1*x^0 + 1*x^5 + 1*x^6 and for beta = a^55
(62)th order Costas Array :
{40 17 43 34 15 23 26 5 36 30 49 46 50 52 1 10 51 9 44 60 42 35 62 29 14 37 54 41 59 2 24 20 53 39 13 18 56 25 32 57 22 21 31 7 27 61 12 58 38 28 16 11 47 45 6 19 8 55 3 4 33 48 }

For primitive element:{1 0 0 0 0 1 1 } = 1*x^0 + 1*x^5 + 1*x^6 and for beta = a^58
(62)th order Costas Array :
{1 2 31 4 24 62 29 8 45 48 28 61 17 58 52 16 6 27 20 33 42 56 11 59 35 34 36 53 44 41 51 32 47 12 46 54 14 40 26 3 10 21 37 49 18 22 57 55 23 7 13 5 50 9 60 43 38 25 30 19 15 39 }

For primitive element:{1 0 0 0 0 1 1 } = 1*x^0 + 1*x^5 + 1*x^6 and for beta = a^59
(62)th order Costas Array :
{17 34 23 5 30 46 52 10 9 60 35 29 37 41 2 20 39 18 25 57 21 7 61 58 28 11 45 19 55 4 48 40 43 15 26 36 49 50 1 51 44 42 62 14 54 59 24 53 13 56 32 22 31 27 12 38 16 47 6 8 3 33 }

For primitive element:{1 0 0 0 0 1 1 } = 1*x^0 + 1*x^5 + 1*x^6 and for beta = a^61
(62)th order Costas Array :
{34 5 46 10 60 29 41 20 18 57 7 58 11 19 4 40 15 36 50 51 42 14 59 53 56 22 27 38 47 8 33 17 23 30 52 9 35 37 2 39 25 21 61 28 45 55 48 43 26 49 1 44 62 54 24 13 32 31 12 16 6 3 }

For primitive element:{1 0 0 0 0 1 1 } = 1*x^0 + 1*x^5 + 1*x^6 and for beta = a^62
(62)th order Costas Array :
{5 10 29 20 57 58 19 40 36 51 14 53 22 38 8 17 30 9 37 39 21 28 55 43 49 44 54 13 31 16 3 34 46 60 41 18 7 11 4 15 50 42 59 56 27 47 33 23 52 35 2 25 61 45 48 26 1 62 24 32 12 6 }

For primitive element:{1 1 1 0 0 1 1 } = 1*x^0 + 1*x^1 + 1*x^2 + 1*x^5 + 1*x^6 and for beta = a
(62)th order Costas Array :
{25 39 11 27 17 8 31 15 13 22 10 34 16 28 1 30 9 23 26 12 20 6 25 6 25 6 25 0 0 0 0 0 0 0 0 0 0 0 0 0 0 0 0 0 0 0 0 0 0 0 0 0 0 0 0 0 0 0 0 0 0 0 }

For primitive element:{1 1 1 0 0 1 1 } = 1*x^0 + 1*x^1 + 1*x^2 + 1*x^5 + 1*x^6 and for beta = a^2
(62)th order Costas Array :
{44 25 59 50 20 55 58 37 45 40 4 47 39 53 38 11 5 27 57 17 21 8 14 31 32 15 36 43 56 13 6 22 61 10 29 54 50 20 3 24 31 44 25 59 50 20 3 24 31 44 25 59 50 20 3 24 31 44 25 59 50 20 }

For primitive element:{1 1 1 0 0 1 1 } = 1*x^0 + 1*x^1 + 1*x^2 + 1*x^5 + 1*x^6 and for beta = a^4
(62)th order Costas Array :
{22 44 61 25 10 59 29 50 54 20 2 55 51 58 19 37 34 45 60 40 42 4 7 47 16 39 18 53 28 38 3 11 62 5 46 27 25 10 33 12 47 22 44 61 25 10 33 12 47 22 44 61 25 10 33 12 47 22 44 61 25 10 }

For primitive element:{1 1 1 0 0 1 1 } = 1*x^0 + 1*x^1 + 1*x^2 + 1*x^5 + 1*x^6 and for beta = a^5
(62)th order Costas Array :
{5 10 11 20 8 22 61 40 18 16 52 44 3 59 53 17 2 36 48 32 21 41 56 25 38 6 27 55 35 43 15 34 37 4 62 9 20 8 39 60 25 5 10 11 20 8 39 60 25 5 10 11 20 8 39 60 25 5 10 11 20 8 }

For primitive element:{1 1 1 0 0 1 1 } = 1*x^0 + 1*x^1 + 1*x^2 + 1*x^5 + 1*x^6 and for beta = a^8
(62)th order Costas Array :
{11 22 62 44 5 61 46 25 27 10 1 59 57 29 41 50 17 54 30 20 21 2 35 55 8 51 9 58 14 19 33 37 31 34 23 45 44 5 48 6 55 11 22 62 44 5 48 6 55 11 22 62 44 5 48 6 55 11 22 62 44 5 }

For primitive element:{1 1 1 0 0 1 1 } = 1*x^0 + 1*x^1 + 1*x^2 + 1*x^5 + 1*x^6 and for beta = a^10
(62)th order Costas Array :
{34 5 37 10 4 11 62 20 9 8 26 22 33 61 58 40 1 18 24 16 42 52 28 44 19 3 45 59 49 53 39 17 50 2 31 36 10 4 51 30 44 34 5 37 10 4 51 30 44 34 5 37 10 4 51 30 44 34 5 37 10 4 }

For primitive element:{1 1 1 0 0 1 1 } = 1*x^0 + 1*x^1 + 1*x^2 + 1*x^5 + 1*x^6 and for beta = a^11
(62)th order Costas Array :
{8 16 5 32 38 10 22 1 54 13 58 20 30 44 47 2 41 45 39 26 21 53 14 40 23 60 18 25 56 31 24 4 34 19 11 27 32 38 12 33 40 8 16 5 32 38 12 33 40 8 16 5 32 38 12 33 40 8 16 5 32 38 }

For primitive element:{1 1 1 0 0 1 1 } = 1*x^0 + 1*x^1 + 1*x^2 + 1*x^5 + 1*x^6 and for beta = a^13
(62)th order Costas Array :
{31 62 43 61 37 23 38 59 36 11 20 46 6 13 1 55 25 9 33 22 42 40 7 29 34 12 54 26 28 2 30 47 53 50 19 18 61 37 15 57 29 31 62 43 61 37 15 57 29 31 62 43 61 37 15 57 29 31 62 43 61 37 }

For primitive element:{1 1 1 0 0 1 1 } = 1*x^0 + 1*x^1 + 1*x^2 + 1*x^5 + 1*x^6 and for beta = a^16
(62)th order Costas Array :
{37 11 31 22 34 62 23 44 45 5 32 61 60 46 52 25 40 27 15 10 42 1 49 59 4 57 36 29 7 41 48 50 47 17 43 54 22 34 24 3 59 37 11 31 22 34 24 3 59 37 11 31 22 34 24 3 59 37 11 31 22 34 }

For primitive element:{1 1 1 0 0 1 1 } = 1*x^0 + 1*x^1 + 1*x^2 + 1*x^5 + 1*x^6 and for beta = a^17
(62)th order Costas Array :
{20 40 44 17 32 25 55 34 9 1 19 50 12 47 23 5 8 18 3 2 21 38 35 37 26 24 45 31 14 46 60 10 22 16 59 36 17 32 30 51 37 20 40 44 17 32 30 51 37 20 40 44 17 32 30 51 37 20 40 44 17 32 }

For primitive element:{1 1 1 0 0 1 1 } = 1*x^0 + 1*x^1 + 1*x^2 + 1*x^5 + 1*x^6 and for beta = a^19
(62)th order Costas Array :
{61 59 46 55 22 29 26 47 18 44 17 58 24 52 4 31 37 36 6 25 42 34 28 53 10 48 27 41 49 8 57 62 23 11 13 9 55 22 60 39 53 61 59 46 55 22 60 39 53 61 59 46 55 22 60 39 53 61 59 46 55 22 }

For primitive element:{1 1 1 0 0 1 1 } = 1*x^0 + 1*x^1 + 1*x^2 + 1*x^5 + 1*x^6 and for beta = a^20
(62)th order Costas Array :
{17 34 50 5 2 37 31 10 36 4 13 11 48 62 29 20 32 9 12 8 21 26 14 22 41 33 54 61 56 58 51 40 25 1 47 18 5 2 57 15 22 17 34 50 5 2 57 15 22 17 34 50 5 2 57 15 22 17 34 50 5 2 }

For primitive element:{1 1 1 0 0 1 1 } = 1*x^0 + 1*x^1 + 1*x^2 + 1*x^5 + 1*x^6 and for beta = a^22
(62)th order Costas Array :
{4 8 34 16 19 5 11 32 27 38 29 10 15 22 55 1 52 54 51 13 42 58 7 20 43 30 9 44 28 47 12 2 17 41 37 45 16 19 6 48 20 4 8 34 16 19 6 48 20 4 8 34 16 19 6 48 20 4 8 34 16 19 }

For primitive element:{1 1 1 0 0 1 1 } = 1*x^0 + 1*x^1 + 1*x^2 + 1*x^5 + 1*x^6 and for beta = a^23
(62)th order Costas Array :
{23 46 38 29 62 13 16 58 45 61 25 26 39 32 17 53 47 27 57 59 21 50 56 52 11 15 36 1 35 34 6 43 19 31 8 54 29 62 3 24 52 23 46 38 29 62 3 24 52 23 46 38 29 62 3 24 52 23 46 38 29 62 }

For primitive element:{1 1 1 0 0 1 1 } = 1*x^0 + 1*x^1 + 1*x^2 + 1*x^5 + 1*x^6 and for beta = a^25
(62)th order Costas Array :
{1 2 40 4 52 17 50 8 54 41 23 34 51 37 61 16 13 45 60 19 42 46 49 5 58 39 18 11 7 59 3 32 20 26 25 27 4 52 33 12 5 1 2 40 4 52 33 12 5 1 2 40 4 52 33 12 5 1 2 40 4 52 }

For primitive element:{1 1 1 0 0 1 1 } = 1*x^0 + 1*x^1 + 1*x^2 + 1*x^5 + 1*x^6 and for beta = a^26
(62)th order Costas Array :
{47 31 53 62 50 43 19 61 18 37 10 23 3 38 32 59 44 36 48 11 21 20 35 46 17 6 27 13 14 1 15 55 58 25 41 9 62 50 39 60 46 47 31 53 62 50 39 60 46 47 31 53 62 50 39 60 46 47 31 53 62 50 }

For primitive element:{1 1 1 0 0 1 1 } = 1*x^0 + 1*x^1 + 1*x^2 + 1*x^5 + 1*x^6 and for beta = a^29
(62)th order Costas Array :
{53 43 41 23 47 19 4 46 27 31 22 38 57 8 20 29 59 54 30 62 21 44 14 13 50 51 9 16 56 40 33 58 52 55 2 45 23 47 48 6 13 53 43 41 23 47 48 6 13 53 43 41 23 47 48 6 13 53 43 41 23 47 }

For primitive element:{1 1 1 0 0 1 1 } = 1*x^0 + 1*x^1 + 1*x^2 + 1*x^5 + 1*x^6 and for beta = a^31
(62)th order Costas Array :
{13 26 16 52 46 32 20 41 9 29 47 1 33 40 37 19 43 18 24 58 42 31 7 2 61 3 45 17 28 11 39 38 8 23 10 36 52 46 51 30 2 13 26 16 52 46 51 30 2 13 26 16 52 46 51 30 2 13 26 16 52 46 }

For primitive element:{1 1 1 0 0 1 1 } = 1*x^0 + 1*x^1 + 1*x^2 + 1*x^5 + 1*x^6 and for beta = a^32
(62)th order Costas Array :
{50 37 47 11 17 31 43 22 54 34 16 62 30 23 26 44 20 45 39 5 21 32 56 61 2 60 18 46 35 52 24 25 55 40 53 27 11 17 12 33 61 50 37 47 11 17 12 33 61 50 37 47 11 17 12 33 61 50 37 47 11 17 }

For primitive element:{1 1 1 0 0 1 1 } = 1*x^0 + 1*x^1 + 1*x^2 + 1*x^5 + 1*x^6 and for beta = a^34
(62)th order Costas Array :
{10 20 22 40 16 44 59 17 36 32 41 25 6 55 43 34 4 9 33 1 42 19 49 50 13 12 54 47 7 23 30 5 11 8 61 18 40 16 15 57 50 10 20 22 40 16 15 57 50 10 20 22 40 16 15 57 50 10 20 22 40 16 }

For primitive element:{1 1 1 0 0 1 1 } = 1*x^0 + 1*x^1 + 1*x^2 + 1*x^5 + 1*x^6 and for beta = a^37
(62)th order Costas Array :
{22 44 61 25 10 59 29 50 54 20 2 55 51 58 19 37 34 45 60 40 42 4 7 47 16 39 18 53 28 38 3 11 62 5 46 27 25 10 33 12 47 22 44 61 25 10 33 12 47 22 44 61 25 10 33 12 47 22 44 61 25 10 }

For primitive element:{1 1 1 0 0 1 1 } = 1*x^0 + 1*x^1 + 1*x^2 + 1*x^5 + 1*x^6 and for beta = a^38
(62)th order Costas Array :
{5 10 11 20 8 22 61 40 18 16 52 44 3 59 53 17 2 36 48 32 21 41 56 25 38 6 27 55 35 43 15 34 37 4 62 9 20 8 39 60 25 5 10 11 20 8 39 60 25 5 10 11 20 8 39 60 25 5 10 11 20 8 }

For primitive element:{1 1 1 0 0 1 1 } = 1*x^0 + 1*x^1 + 1*x^2 + 1*x^5 + 1*x^6 and for beta = a^39
(62)th order Costas Array :
{26 52 32 41 29 1 40 19 18 58 31 2 3 17 11 38 23 36 48 53 21 62 14 4 59 6 27 34 56 22 15 13 16 46 20 9 41 29 39 60 4 26 52 32 41 29 39 60 4 26 52 32 41 29 39 60 4 26 52 32 41 29 }

For primitive element:{1 1 1 0 0 1 1 } = 1*x^0 + 1*x^1 + 1*x^2 + 1*x^5 + 1*x^6 and for beta = a^40
(62)th order Costas Array :
{19 38 4 13 43 8 5 26 18 23 59 16 24 10 25 52 58 36 6 46 42 55 49 32 31 48 27 20 7 50 57 41 2 53 34 9 13 43 60 39 32 19 38 4 13 43 60 39 32 19 38 4 13 43 60 39 32 19 38 4 13 43 }

For primitive element:{1 1 1 0 0 1 1 } = 1*x^0 + 1*x^1 + 1*x^2 + 1*x^5 + 1*x^6 and for beta = a^42
(62)th order Costas Array :
{25 50 55 37 40 47 53 11 27 17 8 31 15 43 13 22 10 54 51 34 42 16 28 62 1 30 9 23 49 26 12 44 59 20 58 45 37 40 6 48 62 25 50 55 37 40 6 48 62 25 50 55 37 40 6 48 62 25 50 55 37 40 }

For primitive element:{1 1 1 0 0 1 1 } = 1*x^0 + 1*x^1 + 1*x^2 + 1*x^5 + 1*x^6 and for beta = a^43
(62)th order Costas Array :
{44 25 59 50 20 55 58 37 45 40 4 47 39 53 38 11 5 27 57 17 21 8 14 31 32 15 36 43 56 13 6 22 61 10 29 54 50 20 3 24 31 44 25 59 50 20 3 24 31 44 25 59 50 20 3 24 31 44 25 59 50 20 }

For primitive element:{1 1 1 0 0 1 1 } = 1*x^0 + 1*x^1 + 1*x^2 + 1*x^5 + 1*x^6 and for beta = a^45
(62)th order Costas Array :
{22 44 61 25 10 59 29 50 54 20 2 55 51 58 19 37 34 45 60 40 42 4 7 47 16 39 18 53 28 38 3 11 62 5 46 27 25 10 33 12 47 22 44 61 25 10 33 12 47 22 44 61 25 10 33 12 47 22 44 61 25 10 }

For primitive element:{1 1 1 0 0 1 1 } = 1*x^0 + 1*x^1 + 1*x^2 + 1*x^5 + 1*x^6 and for beta = a^46
(62)th order Costas Array :
{5 10 11 20 8 22 61 40 18 16 52 44 3 59 53 17 2 36 48 32 21 41 56 25 38 6 27 55 35 43 15 34 37 4 62 9 20 8 39 60 25 5 10 11 20 8 39 60 25 5 10 11 20 8 39 60 25 5 10 11 20 8 }

For primitive element:{1 1 1 0 0 1 1 } = 1*x^0 + 1*x^1 + 1*x^2 + 1*x^5 + 1*x^6 and for beta = a^47
(62)th order Costas Array :
{26 52 32 41 29 1 40 19 18 58 31 2 3 17 11 38 23 36 48 53 21 62 14 4 59 6 27 34 56 22 15 13 16 46 20 9 41 29 39 60 4 26 52 32 41 29 39 60 4 26 52 32 41 29 39 60 4 26 52 32 41 29 }

For primitive element:{1 1 1 0 0 1 1 } = 1*x^0 + 1*x^1 + 1*x^2 + 1*x^5 + 1*x^6 and for beta = a^48
(62)th order Costas Array :
{19 38 4 13 43 8 5 26 18 23 59 16 24 10 25 52 58 36 6 46 42 55 49 32 31 48 27 20 7 50 57 41 2 53 34 9 13 43 60 39 32 19 38 4 13 43 60 39 32 19 38 4 13 43 60 39 32 19 38 4 13 43 }

For primitive element:{1 1 1 0 0 1 1 } = 1*x^0 + 1*x^1 + 1*x^2 + 1*x^5 + 1*x^6 and for beta = a^50
(62)th order Costas Array :
{25 50 55 37 40 47 53 11 27 17 8 31 15 43 13 22 10 54 51 34 42 16 28 62 1 30 9 23 49 26 12 44 59 20 58 45 37 40 6 48 62 25 50 55 37 40 6 48 62 25 50 55 37 40 6 48 62 25 50 55 37 40 }

For primitive element:{1 1 1 0 0 1 1 } = 1*x^0 + 1*x^1 + 1*x^2 + 1*x^5 + 1*x^6 and for beta = a^51
(62)th order Costas Array :
{44 25 59 50 20 55 58 37 45 40 4 47 39 53 38 11 5 27 57 17 21 8 14 31 32 15 36 43 56 13 6 22 61 10 29 54 50 20 3 24 31 44 25 59 50 20 3 24 31 44 25 59 50 20 3 24 31 44 25 59 50 20 }

For primitive element:{1 1 1 0 0 1 1 } = 1*x^0 + 1*x^1 + 1*x^2 + 1*x^5 + 1*x^6 and for beta = a^53
(62)th order Costas Array :
{22 44 61 25 10 59 29 50 54 20 2 55 51 58 19 37 34 45 60 40 42 4 7 47 16 39 18 53 28 38 3 11 62 5 46 27 25 10 33 12 47 22 44 61 25 10 33 12 47 22 44 61 25 10 33 12 47 22 44 61 25 10 }

For primitive element:{1 1 1 0 0 1 1 } = 1*x^0 + 1*x^1 + 1*x^2 + 1*x^5 + 1*x^6 and for beta = a^54
(62)th order Costas Array :
{5 10 11 20 8 22 61 40 18 16 52 44 3 59 53 17 2 36 48 32 21 41 56 25 38 6 27 55 35 43 15 34 37 4 62 9 20 8 39 60 25 5 10 11 20 8 39 60 25 5 10 11 20 8 39 60 25 5 10 11 20 8 }

For primitive element:{1 1 1 0 0 1 1 } = 1*x^0 + 1*x^1 + 1*x^2 + 1*x^5 + 1*x^6 and for beta = a^55
(62)th order Costas Array :
{26 52 32 41 29 1 40 19 18 58 31 2 3 17 11 38 23 36 48 53 21 62 14 4 59 6 27 34 56 22 15 13 16 46 20 9 41 29 39 60 4 26 52 32 41 29 39 60 4 26 52 32 41 29 39 60 4 26 52 32 41 29 }

For primitive element:{1 1 1 0 0 1 1 } = 1*x^0 + 1*x^1 + 1*x^2 + 1*x^5 + 1*x^6 and for beta = a^56
(62)th order Costas Array :
{19 38 4 13 43 8 5 26 18 23 59 16 24 10 25 52 58 36 6 46 42 55 49 32 31 48 27 20 7 50 57 41 2 53 34 9 13 43 60 39 32 19 38 4 13 43 60 39 32 19 38 4 13 43 60 39 32 19 38 4 13 43 }

For primitive element:{1 1 1 0 0 1 1 } = 1*x^0 + 1*x^1 + 1*x^2 + 1*x^5 + 1*x^6 and for beta = a^58
(62)th order Costas Array :
{25 50 55 37 40 47 53 11 27 17 8 31 15 43 13 22 10 54 51 34 42 16 28 62 1 30 9 23 49 26 12 44 59 20 58 45 37 40 6 48 62 25 50 55 37 40 6 48 62 25 50 55 37 40 6 48 62 25 50 55 37 40 }

For primitive element:{1 1 1 0 0 1 1 } = 1*x^0 + 1*x^1 + 1*x^2 + 1*x^5 + 1*x^6 and for beta = a^59
(62)th order Costas Array :
{44 25 59 50 20 55 58 37 45 40 4 47 39 53 38 11 5 27 57 17 21 8 14 31 32 15 36 43 56 13 6 22 61 10 29 54 50 20 3 24 31 44 25 59 50 20 3 24 31 44 25 59 50 20 3 24 31 44 25 59 50 20 }

For primitive element:{1 1 1 0 0 1 1 } = 1*x^0 + 1*x^1 + 1*x^2 + 1*x^5 + 1*x^6 and for beta = a^61
(62)th order Costas Array :
{22 44 61 25 10 59 29 50 54 20 2 55 51 58 19 37 34 45 60 40 42 4 7 47 16 39 18 53 28 38 3 11 62 5 46 27 25 10 33 12 47 22 44 61 25 10 33 12 47 22 44 61 25 10 33 12 47 22 44 61 25 10 }

For primitive element:{1 1 1 0 0 1 1 } = 1*x^0 + 1*x^1 + 1*x^2 + 1*x^5 + 1*x^6 and for beta = a^62
(62)th order Costas Array :
{5 10 11 20 8 22 61 40 18 16 52 44 3 59 53 17 2 36 48 32 21 41 56 25 38 6 27 55 35 43 15 34 37 4 62 9 20 8 39 60 25 5 10 11 20 8 39 60 25 5 10 11 20 8 39 60 25 5 10 11 20 8 }

For primitive element:{1 0 1 1 0 1 1 } = 1*x^0 + 1*x^2 + 1*x^3 + 1*x^5 + 1*x^6 and for beta = a
(62)th order Costas Array :
{8 16 53 32 38 43 62 1 45 13 51 23 10 61 44 2 41 27 34 26 42 39 12 46 30 20 18 59 48 25 35 4 58 19 31 54 57 5 22 52 17 21 6 15 9 24 49 29 47 60 11 40 3 36 56 55 37 33 28 50 14 7 }

For primitive element:{1 0 1 1 0 1 1 } = 1*x^0 + 1*x^2 + 1*x^3 + 1*x^5 + 1*x^6 and for beta = a^2
(62)th order Costas Array :
{4 8 58 16 19 53 31 32 54 38 57 43 5 62 22 1 52 45 17 13 21 51 6 23 15 10 9 61 24 44 49 2 29 41 47 27 60 34 11 26 40 42 3 39 36 12 56 46 55 30 37 20 33 18 28 59 50 48 14 25 7 35 }

For primitive element:{1 0 1 1 0 1 1 } = 1*x^0 + 1*x^2 + 1*x^3 + 1*x^5 + 1*x^6 and for beta = a^4
(62)th order Costas Array :
{2 4 29 8 41 58 47 16 27 19 60 53 34 31 11 32 26 54 40 38 42 57 3 43 39 5 36 62 12 22 56 1 46 52 55 45 30 17 37 13 20 21 33 51 18 6 28 23 59 15 50 10 48 9 14 61 25 24 7 44 35 49 }

For primitive element:{1 0 1 1 0 1 1 } = 1*x^0 + 1*x^2 + 1*x^3 + 1*x^5 + 1*x^6 and for beta = a^5
(62)th order Costas Array :
{52 41 61 19 58 59 25 38 9 53 48 55 2 50 34 13 46 18 32 43 21 33 15 47 6 4 54 37 60 5 7 26 62 29 44 36 24 1 17 23 16 42 39 3 27 30 35 31 22 12 40 8 51 45 49 11 20 57 56 10 28 14 }

For primitive element:{1 0 1 1 0 1 1 } = 1*x^0 + 1*x^2 + 1*x^3 + 1*x^5 + 1*x^6 and for beta = a^8
(62)th order Costas Array :
{1 2 46 4 52 29 55 8 45 41 30 58 17 47 37 16 13 27 20 19 21 60 33 53 51 34 18 31 6 11 28 32 23 26 59 54 15 40 50 38 10 42 48 57 9 3 14 43 61 39 25 5 24 36 7 62 44 12 35 22 49 56 }

For primitive element:{1 0 1 1 0 1 1 } = 1*x^0 + 1*x^2 + 1*x^3 + 1*x^5 + 1*x^6 and for beta = a^10
(62)th order Costas Array :
{26 52 62 41 29 61 44 19 36 58 24 59 1 25 17 38 23 9 16 53 42 48 39 55 3 2 27 50 30 34 35 13 31 46 22 18 12 32 40 43 8 21 51 33 45 15 49 47 11 6 20 4 57 54 56 37 10 60 28 5 14 7 }

For primitive element:{1 0 1 1 0 1 1 } = 1*x^0 + 1*x^2 + 1*x^3 + 1*x^5 + 1*x^6 and for beta = a^11
(62)th order Costas Array :
{58 53 22 43 55 44 40 23 27 47 39 25 41 17 4 46 61 54 26 31 21 15 24 50 60 19 36 34 33 8 49 29 11 59 20 45 51 52 2 62 13 42 12 30 18 48 56 37 10 57 1 38 6 9 28 5 32 3 14 16 7 35 }

For primitive element:{1 0 1 1 0 1 1 } = 1*x^0 + 1*x^2 + 1*x^3 + 1*x^5 + 1*x^6 and for beta = a^13
(62)th order Costas Array :
{20 40 38 17 32 13 29 34 18 1 33 26 25 58 47 5 8 36 22 2 42 3 30 52 12 50 45 53 57 31 56 10 19 16 46 9 48 44 55 4 11 21 15 6 54 60 28 41 23 24 59 37 39 27 14 43 61 51 7 62 35 49 }

For primitive element:{1 0 1 1 0 1 1 } = 1*x^0 + 1*x^2 + 1*x^3 + 1*x^5 + 1*x^6 and for beta = a^16
(62)th order Costas Array :
{32 1 23 2 26 46 59 4 54 52 15 29 40 55 50 8 38 45 10 41 42 30 48 58 57 17 9 47 3 37 14 16 43 13 61 27 39 20 25 19 5 21 24 60 36 33 7 53 62 51 44 34 12 18 35 31 22 6 49 11 56 28 }

For primitive element:{1 0 1 1 0 1 1 } = 1*x^0 + 1*x^2 + 1*x^3 + 1*x^5 + 1*x^6 and for beta = a^17
(62)th order Costas Array :
{19 38 55 13 43 47 37 26 36 23 3 31 8 11 10 52 58 9 2 46 21 6 60 62 24 16 27 22 51 20 28 41 59 53 50 18 33 4 5 29 1 42 30 12 45 57 14 61 25 48 34 32 15 54 7 44 17 39 35 40 49 56 }

For primitive element:{1 0 1 1 0 1 1 } = 1*x^0 + 1*x^2 + 1*x^3 + 1*x^5 + 1*x^6 and for beta = a^19
(62)th order Costas Array :
{17 34 26 5 2 52 53 10 9 4 6 41 37 43 62 20 32 18 25 8 42 12 57 19 48 11 54 23 39 61 35 40 13 1 58 36 3 50 31 16 44 21 60 24 27 51 49 38 29 33 47 22 30 45 56 46 55 15 28 59 14 7 }

For primitive element:{1 0 1 1 0 1 1 } = 1*x^0 + 1*x^2 + 1*x^3 + 1*x^5 + 1*x^6 and for beta = a^20
(62)th order Costas Array :
{13 26 31 52 46 62 22 41 18 29 12 61 32 44 40 19 43 36 8 58 21 24 51 59 33 1 45 25 15 17 49 38 47 23 11 9 6 16 20 53 4 42 57 48 54 39 56 55 37 3 10 2 60 27 28 50 5 30 14 34 7 35 }

For primitive element:{1 0 1 1 0 1 1 } = 1*x^0 + 1*x^2 + 1*x^3 + 1*x^5 + 1*x^6 and for beta = a^22
(62)th order Costas Array :
{29 58 11 53 59 22 20 43 45 55 51 44 52 40 2 23 62 27 13 47 42 39 12 25 30 41 18 17 48 4 56 46 37 61 10 54 57 26 1 31 38 21 6 15 9 24 28 50 5 60 32 19 3 36 14 34 16 33 7 8 35 49 }

For primitive element:{1 0 1 1 0 1 1 } = 1*x^0 + 1*x^2 + 1*x^3 + 1*x^5 + 1*x^6 and for beta = a^23
(62)th order Costas Array :
{25 50 16 37 40 32 52 11 54 17 57 1 47 41 43 22 10 45 59 34 21 51 6 2 15 31 9 19 24 23 7 44 8 20 26 27 60 55 53 5 61 42 3 39 36 12 35 4 13 30 58 62 33 18 49 38 29 48 56 46 28 14 }

For primitive element:{1 0 1 1 0 1 1 } = 1*x^0 + 1*x^2 + 1*x^3 + 1*x^5 + 1*x^6 and for beta = a^25
(62)th order Costas Array :
{23 46 50 29 62 37 5 58 27 61 60 11 13 10 32 53 47 54 19 59 42 57 3 22 39 26 36 20 12 1 14 43 25 31 34 45 30 38 16 55 41 21 33 51 18 6 7 44 17 15 8 52 48 9 35 40 4 24 49 2 56 28 }

For primitive element:{1 0 1 1 0 1 1 } = 1*x^0 + 1*x^2 + 1*x^3 + 1*x^5 + 1*x^6 and for beta = a^26
(62)th order Costas Array :
{10 20 19 40 16 38 46 17 9 32 48 13 44 29 55 34 4 18 11 1 21 33 15 26 6 25 54 58 60 47 28 5 41 8 23 36 24 22 59 2 37 42 39 3 27 30 14 52 43 12 61 50 51 45 7 53 62 57 35 31 49 56 }

For primitive element:{1 0 1 1 0 1 1 } = 1*x^0 + 1*x^2 + 1*x^3 + 1*x^5 + 1*x^6 and for beta = a^29
(62)th order Costas Array :
{22 44 4 25 10 8 13 50 45 20 30 16 59 26 58 37 34 27 62 40 21 60 33 32 51 55 18 52 6 53 49 11 2 5 38 54 15 61 29 17 31 42 48 57 9 3 56 1 19 39 46 47 24 36 28 41 23 12 14 43 7 35 }

For primitive element:{1 0 1 1 0 1 1 } = 1*x^0 + 1*x^2 + 1*x^3 + 1*x^5 + 1*x^6 and for beta = a^31
(62)th order Costas Array :
{47 31 20 62 50 40 2 61 36 37 24 17 43 4 38 59 44 9 58 11 42 48 39 34 3 23 27 8 30 13 56 55 10 25 1 18 12 53 19 22 29 21 51 33 45 15 28 5 32 6 41 46 57 54 14 16 52 60 7 26 35 49 }

For primitive element:{1 0 1 1 0 1 1 } = 1*x^0 + 1*x^2 + 1*x^3 + 1*x^5 + 1*x^6 and for beta = a^32
(62)th order Costas Array :
{16 32 43 1 13 23 61 2 27 26 39 46 20 59 25 4 19 54 5 52 21 15 24 29 60 40 36 55 33 50 7 8 53 38 62 45 51 10 44 41 34 42 12 30 18 48 35 58 31 57 22 17 6 9 49 47 11 3 56 37 28 14 }

For primitive element:{1 0 1 1 0 1 1 } = 1*x^0 + 1*x^2 + 1*x^3 + 1*x^5 + 1*x^6 and for beta = a^34
(62)th order Costas Array :
{41 19 59 38 53 55 50 13 18 43 33 47 4 37 5 26 29 36 1 23 42 3 30 31 12 8 45 11 57 10 14 52 61 58 25 9 48 2 34 46 32 21 15 6 54 60 7 62 44 24 17 16 39 27 35 22 40 51 49 20 56 28 }

For primitive element:{1 0 1 1 0 1 1 } = 1*x^0 + 1*x^2 + 1*x^3 + 1*x^5 + 1*x^6 and for beta = a^37
(62)th order Costas Array :
{53 43 44 23 47 25 17 46 54 31 15 50 19 34 8 29 59 45 52 62 42 30 48 37 57 38 9 5 3 16 35 58 22 55 40 27 39 41 4 61 26 21 24 60 36 33 49 11 20 51 2 13 12 18 56 10 1 6 28 32 14 7 }

For primitive element:{1 0 1 1 0 1 1 } = 1*x^0 + 1*x^2 + 1*x^3 + 1*x^5 + 1*x^6 and for beta = a^38
(62)th order Costas Array :
{40 17 13 34 1 26 58 5 36 2 3 52 50 53 31 10 16 9 44 4 21 6 60 41 24 37 27 43 51 62 49 20 38 32 29 18 33 25 47 8 22 42 30 12 45 57 56 19 46 48 55 11 15 54 28 23 59 39 14 61 7 35 }

For primitive element:{1 0 1 1 0 1 1 } = 1*x^0 + 1*x^2 + 1*x^3 + 1*x^5 + 1*x^6 and for beta = a^40
(62)th order Costas Array :
{38 13 47 26 23 31 11 52 9 46 6 62 16 22 20 41 53 18 4 29 42 12 57 61 48 32 54 44 39 40 56 19 55 43 37 36 3 8 10 58 2 21 60 24 27 51 28 59 50 33 5 1 30 45 14 25 34 15 7 17 35 49 }

For primitive element:{1 0 1 1 0 1 1 } = 1*x^0 + 1*x^2 + 1*x^3 + 1*x^5 + 1*x^6 and for beta = a^41
(62)th order Costas Array :
{34 5 52 10 4 41 43 20 18 8 12 19 11 23 61 40 1 36 50 16 21 24 51 38 33 22 45 46 15 59 7 17 26 2 53 9 6 37 62 32 25 42 57 48 54 39 35 13 58 3 31 44 60 27 49 29 47 30 56 55 28 14 }

For primitive element:{1 0 1 1 0 1 1 } = 1*x^0 + 1*x^2 + 1*x^3 + 1*x^5 + 1*x^6 and for beta = a^43
(62)th order Costas Array :
{50 37 32 11 17 1 41 22 45 34 51 2 31 19 23 44 20 27 55 5 42 39 12 4 30 62 18 38 48 46 14 25 16 40 52 54 57 47 43 10 59 21 6 15 9 24 7 8 26 60 53 61 3 36 35 13 58 33 49 29 56 28 }

For primitive element:{1 0 1 1 0 1 1 } = 1*x^0 + 1*x^2 + 1*x^3 + 1*x^5 + 1*x^6 and for beta = a^44
(62)th order Costas Array :
{46 29 37 58 61 11 10 53 54 59 57 22 26 20 1 43 31 45 38 55 21 51 6 44 15 52 9 40 24 2 28 23 50 62 5 27 60 13 32 47 19 42 3 39 36 12 14 25 34 30 16 41 33 18 7 17 8 48 35 4 49 56 }

For primitive element:{1 0 1 1 0 1 1 } = 1*x^0 + 1*x^2 + 1*x^3 + 1*x^5 + 1*x^6 and for beta = a^46
(62)th order Costas Array :
{44 25 8 50 20 16 26 37 27 40 60 32 55 52 53 11 5 54 61 17 42 57 3 1 39 47 36 41 12 43 35 22 4 10 13 45 30 59 58 34 62 21 33 51 18 6 49 2 38 15 29 31 48 9 56 19 46 24 28 23 14 7 }

For primitive element:{1 0 1 1 0 1 1 } = 1*x^0 + 1*x^2 + 1*x^3 + 1*x^5 + 1*x^6 and for beta = a^47
(62)th order Costas Array :
{31 62 40 61 37 17 4 59 9 11 48 34 23 8 13 55 25 18 53 22 21 33 15 5 6 46 54 16 60 26 49 47 20 50 2 36 24 43 38 44 58 42 39 3 27 30 56 10 1 12 19 29 51 45 28 32 41 57 14 52 7 35 }

For primitive element:{1 0 1 1 0 1 1 } = 1*x^0 + 1*x^2 + 1*x^3 + 1*x^5 + 1*x^6 and for beta = a^50
(62)th order Costas Array :
{43 23 25 46 31 50 34 29 45 62 30 37 38 5 16 58 55 27 41 61 21 60 33 11 51 13 18 10 6 32 7 53 44 47 17 54 15 19 8 59 52 42 48 57 9 3 35 22 40 39 4 26 24 36 49 20 2 12 56 1 28 14 }

For primitive element:{1 0 1 1 0 1 1 } = 1*x^0 + 1*x^2 + 1*x^3 + 1*x^5 + 1*x^6 and for beta = a^52
(62)th order Costas Array :
{5 10 41 20 8 19 23 40 36 16 24 38 22 46 59 17 2 9 37 32 42 48 39 13 3 44 27 29 30 55 14 34 52 4 43 18 12 11 61 1 50 21 51 33 45 15 7 26 53 6 62 25 57 54 35 58 31 60 49 47 56 28 }

For primitive element:{1 0 1 1 0 1 1 } = 1*x^0 + 1*x^2 + 1*x^3 + 1*x^5 + 1*x^6 and for beta = a^53
(62)th order Costas Array :
{37 11 1 22 34 2 19 44 27 5 39 4 62 38 46 25 40 54 47 10 21 15 24 8 60 61 36 13 33 29 28 50 32 17 41 45 51 31 23 20 55 42 12 30 18 48 14 16 52 57 43 59 6 9 7 26 53 3 35 58 49 56 }

For primitive element:{1 0 1 1 0 1 1 } = 1*x^0 + 1*x^2 + 1*x^3 + 1*x^5 + 1*x^6 and for beta = a^55
(62)th order Costas Array :
{62 61 17 59 11 34 8 55 18 22 33 5 46 16 26 47 50 36 43 44 42 3 30 10 12 29 45 32 57 52 35 31 40 37 4 9 48 23 13 25 53 21 15 6 54 60 49 20 2 24 38 58 39 27 56 1 19 51 28 41 14 7 }

For primitive element:{1 0 1 1 0 1 1 } = 1*x^0 + 1*x^2 + 1*x^3 + 1*x^5 + 1*x^6 and for beta = a^58
(62)th order Costas Array :
{11 22 2 44 5 4 38 25 54 10 15 8 61 13 29 50 17 45 31 20 42 30 48 16 57 59 9 26 3 58 56 37 1 34 19 27 39 62 46 40 47 21 24 60 36 33 28 32 41 51 23 55 12 18 14 52 43 6 7 53 35 49 }

For primitive element:{1 0 1 1 0 1 1 } = 1*x^0 + 1*x^2 + 1*x^3 + 1*x^5 + 1*x^6 and for beta = a^59
(62)th order Costas Array :
{61 59 34 55 22 5 16 47 36 44 3 10 29 32 52 31 37 9 23 25 21 6 60 20 24 58 27 1 51 41 7 62 17 11 8 18 33 46 26 50 43 42 30 12 45 57 35 40 4 48 13 53 15 54 49 2 38 39 56 19 28 14 }

For primitive element:{1 0 1 1 0 1 1 } = 1*x^0 + 1*x^2 + 1*x^3 + 1*x^5 + 1*x^6 and for beta = a^61
(62)th order Costas Array :
{59 55 5 47 44 10 32 31 9 25 6 20 58 1 41 62 11 18 46 50 42 12 57 40 48 53 54 2 39 19 14 61 34 22 16 36 3 29 52 37 23 21 60 24 27 51 7 17 8 33 26 43 30 45 35 4 13 15 49 38 56 28 }

For primitive element:{1 0 1 1 0 1 1 } = 1*x^0 + 1*x^2 + 1*x^3 + 1*x^5 + 1*x^6 and for beta = a^62
(62)th order Costas Array :
{55 47 10 31 25 20 1 62 18 50 12 40 53 2 19 61 22 36 29 37 21 24 51 17 33 43 45 4 15 38 28 59 5 44 32 9 6 58 41 11 46 42 57 48 54 39 14 34 16 3 52 23 60 27 7 8 26 30 35 13 49 56 }

For primitive element:{1 1 0 0 1 1 1 } = 1*x^0 + 1*x^1 + 1*x^4 + 1*x^5 + 1*x^6 and for beta = a
(62)th order Costas Array :
{39 15 11 30 28 22 17 60 45 56 3 44 61 34 2 57 7 27 31 49 42 6 58 25 24 59 18 5 43 4 19 51 37 14 40 54 33 62 1 35 47 21 29 12 9 53 41 50 20 48 32 55 46 36 52 10 16 23 26 8 13 38 }

For primitive element:{1 1 0 0 1 1 1 } = 1*x^0 + 1*x^1 + 1*x^4 + 1*x^5 + 1*x^6 and for beta = a^2
(62)th order Costas Array :
{51 39 37 15 14 11 40 30 54 28 33 22 62 17 1 60 35 45 47 56 21 3 29 44 12 61 9 34 53 2 41 57 50 7 20 27 48 31 32 49 55 42 46 6 36 58 52 25 10 24 16 59 23 18 26 5 8 43 13 4 38 19 }

For primitive element:{1 1 0 0 1 1 1 } = 1*x^0 + 1*x^1 + 1*x^4 + 1*x^5 + 1*x^6 and for beta = a^4
(62)th order Costas Array :
{57 51 50 39 7 37 20 15 27 14 48 11 31 40 32 30 49 54 55 28 42 33 46 22 6 62 36 17 58 1 52 60 25 35 10 45 24 47 16 56 59 21 23 3 18 29 26 44 5 12 8 61 43 9 13 34 4 53 38 2 19 41 }

For primitive element:{1 1 0 0 1 1 1 } = 1*x^0 + 1*x^1 + 1*x^4 + 1*x^5 + 1*x^6 and for beta = a^5
(62)th order Costas Array :
{33 3 40 6 56 17 16 12 9 49 51 34 50 32 13 24 14 18 44 35 21 39 62 5 30 37 54 1 59 26 29 48 20 28 8 36 57 25 38 7 22 42 31 15 27 61 46 10 4 60 19 11 47 45 23 2 41 55 43 52 53 58 }

For primitive element:{1 1 0 0 1 1 1 } = 1*x^0 + 1*x^1 + 1*x^4 + 1*x^5 + 1*x^6 and for beta = a^8
(62)th order Costas Array :
{60 57 25 51 35 50 10 39 45 7 24 37 47 20 16 15 56 27 59 14 21 48 23 11 3 31 18 40 29 32 26 30 44 49 5 54 12 55 8 28 61 42 43 33 9 46 13 22 34 6 4 62 53 36 38 17 2 58 19 1 41 52 }

For primitive element:{1 1 0 0 1 1 1 } = 1*x^0 + 1*x^1 + 1*x^4 + 1*x^5 + 1*x^6 and for beta = a^10
(62)th order Costas Array :
{48 33 20 3 28 40 8 6 36 56 57 17 25 16 38 12 7 9 22 49 42 51 31 34 15 50 27 32 61 13 46 24 10 14 4 18 60 44 19 35 11 21 47 39 45 62 23 5 2 30 41 37 55 54 43 1 52 59 53 26 58 29 }

For primitive element:{1 1 0 0 1 1 1 } = 1*x^0 + 1*x^1 + 1*x^4 + 1*x^5 + 1*x^6 and for beta = a^11
(62)th order Costas Array :
{15 30 1 60 14 2 13 57 27 28 6 4 17 26 46 51 35 54 20 56 21 12 11 8 48 34 36 52 44 29 59 39 32 7 38 45 3 40 23 49 10 42 37 24 18 22 61 16 19 33 43 5 50 9 62 41 53 25 31 58 47 55 }

For primitive element:{1 1 0 0 1 1 1 } = 1*x^0 + 1*x^1 + 1*x^4 + 1*x^5 + 1*x^6 and for beta = a^13
(62)th order Costas Array :
{3 6 59 12 7 55 11 24 18 14 39 47 58 22 5 48 49 36 46 28 42 15 19 31 60 53 45 44 13 10 16 33 61 35 37 9 51 29 34 56 23 21 41 30 54 38 8 62 50 57 17 43 52 27 4 25 40 26 2 20 1 32 }

For primitive element:{1 1 0 0 1 1 1 } = 1*x^0 + 1*x^1 + 1*x^4 + 1*x^5 + 1*x^6 and for beta = a^16
(62)th order Costas Array :
{30 60 44 57 49 25 5 51 54 35 12 50 55 10 8 39 28 45 61 7 42 24 43 37 33 47 9 20 46 16 13 15 22 56 34 27 6 59 4 14 62 21 53 48 36 23 38 11 17 3 2 31 58 18 19 40 1 29 41 32 52 26 }

For primitive element:{1 1 0 0 1 1 1 } = 1*x^0 + 1*x^1 + 1*x^4 + 1*x^5 + 1*x^6 and for beta = a^17
(62)th order Costas Array :
{6 12 34 24 35 5 1 48 36 7 15 10 11 2 52 33 56 9 50 14 21 30 59 20 57 22 27 4 47 41 53 3 17 49 32 18 39 37 26 28 25 42 61 60 45 55 58 40 16 51 13 44 62 54 29 8 38 31 46 19 23 43 }

For primitive element:{1 1 0 0 1 1 1 } = 1*x^0 + 1*x^1 + 1*x^4 + 1*x^5 + 1*x^6 and for beta = a^19
(62)th order Costas Array :
{12 24 47 48 28 31 44 33 9 56 30 62 43 25 20 3 7 18 58 49 42 60 13 61 51 23 54 50 52 40 1 6 55 14 22 36 15 53 10 35 29 21 38 57 27 26 32 59 11 39 5 46 19 45 16 37 34 41 8 17 4 2 }

For primitive element:{1 1 0 0 1 1 1 } = 1*x^0 + 1*x^1 + 1*x^4 + 1*x^5 + 1*x^6 and for beta = a^20
(62)th order Costas Array :
{24 48 10 33 14 20 4 3 18 28 60 40 44 8 19 6 35 36 11 56 21 57 47 17 39 25 45 16 62 38 23 12 5 7 2 9 30 22 41 49 37 42 55 51 54 31 43 34 1 15 52 50 59 27 53 32 26 61 58 13 29 46 }

For primitive element:{1 1 0 0 1 1 1 } = 1*x^0 + 1*x^1 + 1*x^4 + 1*x^5 + 1*x^6 and for beta = a^22
(62)th order Costas Array :
{39 15 32 30 7 1 38 60 45 14 3 2 40 13 23 57 49 27 10 28 42 6 37 4 24 17 18 26 22 46 61 51 16 35 19 54 33 20 43 56 5 21 50 12 9 11 62 8 41 48 53 34 25 36 31 52 58 44 47 29 55 59 }

For primitive element:{1 1 0 0 1 1 1 } = 1*x^0 + 1*x^1 + 1*x^4 + 1*x^5 + 1*x^6 and for beta = a^23
(62)th order Costas Array :
{51 39 58 15 56 53 61 30 54 49 33 43 41 59 22 60 14 45 26 35 21 3 8 23 12 19 9 55 32 44 20 57 29 28 62 27 48 52 11 7 13 42 4 6 36 16 10 46 31 24 37 38 2 18 5 47 50 1 34 25 17 40 }

For primitive element:{1 1 0 0 1 1 1 } = 1*x^0 + 1*x^1 + 1*x^4 + 1*x^5 + 1*x^6 and for beta = a^25
(62)th order Costas Array :
{57 51 8 39 49 16 41 15 27 35 48 32 10 19 53 30 28 54 34 7 42 33 25 1 6 20 36 38 37 43 31 60 4 56 52 45 24 5 58 14 17 21 44 3 18 50 47 2 26 12 29 40 22 9 55 13 46 11 59 23 61 62 }

For primitive element:{1 1 0 0 1 1 1 } = 1*x^0 + 1*x^1 + 1*x^4 + 1*x^5 + 1*x^6 and for beta = a^26
(62)th order Costas Array :
{33 3 61 6 35 59 37 12 9 7 51 55 29 11 34 24 56 18 23 14 21 39 41 47 30 58 54 22 38 5 8 48 62 49 50 36 57 46 17 28 43 42 52 15 27 19 4 31 25 60 40 53 26 45 2 44 20 13 1 10 32 16 }

For primitive element:{1 1 0 0 1 1 1 } = 1*x^0 + 1*x^1 + 1*x^4 + 1*x^5 + 1*x^6 and for beta = a^29
(62)th order Costas Array :
{60 57 46 51 14 29 31 39 45 28 24 58 26 62 37 15 35 27 38 56 21 48 2 53 3 52 18 61 8 11 5 30 23 7 47 54 12 13 50 49 19 42 1 33 9 4 34 43 55 6 25 41 32 36 17 59 44 16 40 22 20 10 }

For primitive element:{1 1 0 0 1 1 1 } = 1*x^0 + 1*x^1 + 1*x^4 + 1*x^5 + 1*x^6 and for beta = a^31
(62)th order Costas Array :
{48 33 41 3 7 19 29 6 36 14 57 38 4 58 59 12 49 9 1 28 42 51 10 13 15 8 27 53 40 55 25 24 52 35 46 18 60 2 61 56 32 21 5 39 45 20 44 26 23 30 62 16 34 54 22 43 31 17 11 47 37 50 }

For primitive element:{1 1 0 0 1 1 1 } = 1*x^0 + 1*x^1 + 1*x^4 + 1*x^5 + 1*x^6 and for beta = a^32
(62)th order Costas Array :
{15 30 22 60 56 44 34 57 27 49 6 25 59 5 4 51 14 54 62 35 21 12 53 50 48 55 36 10 23 8 38 39 11 28 17 45 3 61 2 7 31 42 58 24 18 43 19 37 40 33 1 47 29 9 41 20 32 46 52 16 26 13 }

For primitive element:{1 1 0 0 1 1 1 } = 1*x^0 + 1*x^1 + 1*x^4 + 1*x^5 + 1*x^6 and for beta = a^34
(62)th order Costas Array :
{3 6 17 12 49 34 32 24 18 35 39 5 37 1 26 48 28 36 25 7 42 15 61 10 60 11 45 2 55 52 58 33 40 56 16 9 51 50 13 14 44 21 62 30 54 59 29 20 8 57 38 22 31 27 46 4 19 47 23 41 43 53 }

For primitive element:{1 1 0 0 1 1 1 } = 1*x^0 + 1*x^1 + 1*x^4 + 1*x^5 + 1*x^6 and for beta = a^37
(62)th order Costas Array :
{30 60 2 57 28 4 26 51 54 56 12 8 34 52 29 39 7 45 40 49 42 24 22 16 33 5 9 41 25 58 55 15 1 14 13 27 6 17 46 35 20 21 11 48 36 44 59 32 38 3 23 10 37 18 61 19 43 50 62 53 31 47 }

For primitive element:{1 1 0 0 1 1 1 } = 1*x^0 + 1*x^1 + 1*x^4 + 1*x^5 + 1*x^6 and for beta = a^38
(62)th order Costas Array :
{6 12 55 24 14 47 22 48 36 28 15 31 53 44 10 33 35 9 29 56 21 30 38 62 57 43 27 25 26 20 32 3 59 7 11 18 39 58 5 49 46 42 19 60 45 13 16 61 37 51 34 23 41 54 8 50 17 52 4 40 2 1 }

For primitive element:{1 1 0 0 1 1 1 } = 1*x^0 + 1*x^1 + 1*x^4 + 1*x^5 + 1*x^6 and for beta = a^40
(62)th order Costas Array :
{12 24 5 48 7 10 2 33 9 14 30 20 22 4 41 3 49 18 37 28 42 60 55 40 51 44 54 8 31 19 43 6 34 35 1 36 15 11 52 56 50 21 59 57 27 47 53 17 32 39 26 25 61 45 58 16 13 62 29 38 46 23 }

For primitive element:{1 1 0 0 1 1 1 } = 1*x^0 + 1*x^1 + 1*x^4 + 1*x^5 + 1*x^6 and for beta = a^41
(62)th order Costas Array :
{24 48 31 33 56 62 25 3 18 49 60 61 23 50 40 6 14 36 53 35 21 57 26 59 39 46 45 37 41 17 2 12 47 28 44 9 30 43 20 7 58 42 13 51 54 52 1 55 22 15 10 29 38 27 32 11 5 19 16 34 8 4 }

For primitive element:{1 1 0 0 1 1 1 } = 1*x^0 + 1*x^1 + 1*x^4 + 1*x^5 + 1*x^6 and for beta = a^43
(62)th order Costas Array :
{39 15 53 30 49 43 59 60 45 35 3 23 19 55 44 57 28 27 52 7 42 6 16 46 24 38 18 47 1 25 40 51 58 56 61 54 33 41 22 14 26 21 8 12 9 32 20 29 62 48 11 13 4 36 10 31 37 2 5 50 34 17 }

For primitive element:{1 1 0 0 1 1 1 } = 1*x^0 + 1*x^1 + 1*x^4 + 1*x^5 + 1*x^6 and for beta = a^44
(62)th order Costas Array :
{51 39 16 15 35 32 19 30 54 7 33 1 20 38 43 60 56 45 5 14 21 3 50 2 12 40 9 13 11 23 62 57 8 49 41 27 48 10 53 28 34 42 25 6 36 37 31 4 52 24 58 17 44 18 47 26 29 22 55 46 59 61 }

For primitive element:{1 1 0 0 1 1 1 } = 1*x^0 + 1*x^1 + 1*x^4 + 1*x^5 + 1*x^6 and for beta = a^46
(62)th order Costas Array :
{57 51 29 39 28 58 62 15 27 56 48 53 52 61 11 30 7 54 13 49 42 33 4 43 6 41 36 59 16 22 10 60 46 14 31 45 24 26 37 35 38 21 2 3 18 8 5 23 47 12 50 19 1 9 34 55 25 32 17 44 40 20 }

For primitive element:{1 1 0 0 1 1 1 } = 1*x^0 + 1*x^1 + 1*x^4 + 1*x^5 + 1*x^6 and for beta = a^47
(62)th order Costas Array :
{33 3 19 6 14 38 58 12 9 28 51 13 8 53 55 24 35 18 2 56 21 39 20 26 30 16 54 43 17 47 50 48 41 7 29 36 57 4 59 49 1 42 10 15 27 40 25 52 46 60 61 32 5 45 44 23 62 34 22 31 11 37 }

For primitive element:{1 1 0 0 1 1 1 } = 1*x^0 + 1*x^1 + 1*x^4 + 1*x^5 + 1*x^6 and for beta = a^50
(62)th order Costas Array :
{60 57 4 51 56 8 52 39 45 49 24 16 5 41 58 15 14 27 17 35 21 48 44 32 3 10 18 19 50 53 47 30 2 28 26 54 12 34 29 7 40 42 22 33 9 25 55 1 13 6 46 20 11 36 59 38 23 37 61 43 62 31 }

For primitive element:{1 1 0 0 1 1 1 } = 1*x^0 + 1*x^1 + 1*x^4 + 1*x^5 + 1*x^6 and for beta = a^52
(62)th order Costas Array :
{48 33 62 3 49 61 50 6 36 35 57 59 46 37 17 12 28 9 43 7 42 51 52 55 15 29 27 11 19 34 4 24 31 56 25 18 60 23 40 14 53 21 26 39 45 41 2 47 44 30 20 58 13 54 1 22 10 38 32 5 16 8 }

For primitive element:{1 1 0 0 1 1 1 } = 1*x^0 + 1*x^1 + 1*x^4 + 1*x^5 + 1*x^6 and for beta = a^53
(62)th order Costas Array :
{15 30 43 60 35 23 55 57 27 7 6 46 38 47 25 51 56 54 41 14 21 12 32 29 48 13 36 31 2 50 17 39 53 49 59 45 3 19 44 28 52 42 16 24 18 1 40 58 61 33 22 26 8 9 20 62 11 4 10 37 5 34 }

For primitive element:{1 1 0 0 1 1 1 } = 1*x^0 + 1*x^1 + 1*x^4 + 1*x^5 + 1*x^6 and for beta = a^55
(62)th order Costas Array :
{3 6 38 12 28 13 53 24 18 56 39 26 16 43 47 48 7 36 4 49 42 15 40 52 60 32 45 23 34 31 37 33 19 14 58 9 51 8 55 35 2 21 20 30 54 17 50 41 29 57 59 1 10 27 25 46 61 5 44 62 22 11 }

For primitive element:{1 1 0 0 1 1 1 } = 1*x^0 + 1*x^1 + 1*x^4 + 1*x^5 + 1*x^6 and for beta = a^58
(62)th order Costas Array :
{30 60 23 57 7 46 47 51 54 14 12 29 13 31 50 39 49 45 19 28 42 24 1 58 33 26 9 62 4 37 34 15 43 35 55 27 6 38 25 56 41 21 32 48 36 2 17 53 59 3 44 52 16 18 40 61 22 8 20 11 10 5 }

For primitive element:{1 1 0 0 1 1 1 } = 1*x^0 + 1*x^1 + 1*x^4 + 1*x^5 + 1*x^6 and for beta = a^59
(62)th order Costas Array :
{6 12 13 24 56 26 43 48 36 49 15 52 32 23 31 33 14 9 8 35 21 30 17 41 57 1 27 46 5 62 11 3 38 28 53 18 39 16 47 7 4 42 40 60 45 34 37 19 58 51 55 2 20 54 50 29 59 10 25 61 44 22 }

For primitive element:{1 1 0 0 1 1 1 } = 1*x^0 + 1*x^1 + 1*x^4 + 1*x^5 + 1*x^6 and for beta = a^61
(62)th order Costas Array :
{12 24 26 48 49 52 23 33 9 35 30 41 1 46 62 3 28 18 16 7 42 60 34 19 51 2 54 29 10 61 22 6 13 56 43 36 15 32 31 14 8 21 17 57 27 5 11 38 53 39 47 4 40 45 37 58 55 20 50 59 25 44 }

For primitive element:{1 1 0 0 1 1 1 } = 1*x^0 + 1*x^1 + 1*x^4 + 1*x^5 + 1*x^6 and for beta = a^62
(62)th order Costas Array :
{24 48 52 33 35 41 46 3 18 7 60 19 2 29 61 6 56 36 32 14 21 57 5 38 39 4 45 58 20 59 44 12 26 49 23 9 30 1 62 28 16 42 34 51 54 10 22 13 43 15 31 8 17 27 11 53 47 40 37 55 50 25 }
