Polymorphs of the Costas Array = { 1  3  9 10 13  5 15 11 16 14  8  7  4 12  2  6 }
{16 2 15 4 11 1 5 6 14 13 9 3 12 7 10 8 }
{11 15 5 13 10 9 3 1 6 2 12 4 7 8 14 16 }
{9 7 10 5 14 8 4 3 11 12 16 6 13 2 15 1 }
{1 15 2 13 6 16 12 11 3 4 8 14 5 10 7 9 } //Diagonal
{16 14 8 7 4 12 2 6 1 3 9 10 13 5 15 11 }
{8 10 7 12 3 9 13 14 6 5 1 11 4 15 2 16 }
{6 2 12 4 7 8 14 16 11 15 5 13 10 9 3 1 }

Polymorphs of the Costas Array = { 1 10 15 14  4  6  9  5 16  7  2  3 13 11  8 12 }
{16 6 5 12 9 11 7 2 10 15 3 1 4 13 14 8 }
{5 9 6 4 14 15 10 1 12 8 11 13 3 2 7 16 }
{9 3 4 13 16 14 2 7 15 10 6 8 5 12 11 1 }
{1 11 12 5 8 6 10 15 7 2 14 16 13 4 3 9 } //Diagonal
{16 7 2 3 13 11 8 12 1 10 15 14 4 6 9 5 }
{8 14 13 4 1 3 15 10 2 7 11 9 12 5 6 16 }
{12 8 11 13 3 2 7 16 5 9 6 4 14 15 10 1 }

Polymorphs of the Costas Array = { 1  5  8  6 13 14  2 10 16 12  9 11  4  3 15  7 }
{16 10 3 4 15 13 1 14 6 9 5 7 12 11 2 8 }
{10 2 14 13 6 8 5 1 7 15 3 4 11 9 12 16 }
{9 15 6 5 10 12 8 11 3 16 4 2 13 14 7 1 }
{1 7 14 13 2 4 16 3 11 8 12 10 5 6 15 9 } //Diagonal
{16 12 9 11 4 3 15 7 1 5 8 6 13 14 2 10 }
{8 2 11 12 7 5 9 6 14 1 13 15 4 3 10 16 }
{7 15 3 4 11 9 12 16 10 2 14 13 6 8 5 1 }

Polymorphs of the Costas Array = { 1 11  2  5  4 10  8  3 16  6 15 12 13  7  9 14 }
{16 14 9 12 13 7 3 10 2 11 15 5 4 1 6 8 }
{3 8 10 4 5 2 11 1 14 9 7 13 12 15 6 16 }
{9 11 16 13 12 2 6 15 7 14 10 4 5 8 3 1 }
{1 3 8 5 4 10 14 7 15 6 2 12 13 16 11 9 } //Diagonal
{16 6 15 12 13 7 9 14 1 11 2 5 4 10 8 3 }
{8 6 1 4 5 15 11 2 10 3 7 13 12 9 14 16 }
{14 9 7 13 12 15 6 16 3 8 10 4 5 2 11 1 }

Polymorphs of the Costas Array = { 1 14  9  7 13 12 15  6 16  3  8 10  4  5  2 11 }
{16 2 7 4 3 9 13 6 14 5 1 11 12 15 10 8 }
{6 15 12 13 7 9 14 1 11 2 5 4 10 8 3 16 }
{9 7 2 5 6 16 12 3 11 4 8 14 13 10 15 1 }
{1 15 10 13 14 8 4 11 3 12 16 6 5 2 7 9 } //Diagonal
{16 3 8 10 4 5 2 11 1 14 9 7 13 12 15 6 }
{8 10 15 12 11 1 5 14 6 13 9 3 4 7 2 16 }
{11 2 5 4 10 8 3 16 6 15 12 13 7 9 14 1 }

Polymorphs of the Costas Array = { 1  7 15  3  4 11  9 12 16 10  2 14 13  6  8  5 }
{16 6 13 12 1 3 15 2 10 7 11 9 4 5 14 8 }
{12 9 11 4 3 15 7 1 5 8 6 13 14 2 10 16 }
{9 3 12 13 8 6 10 7 15 2 14 16 5 4 11 1 }
{1 11 4 5 16 14 2 15 7 10 6 8 13 12 3 9 } //Diagonal
{16 10 2 14 13 6 8 5 1 7 15 3 4 11 9 12 }
{8 14 5 4 9 11 7 10 2 15 3 1 12 13 6 16 }
{5 8 6 13 14 2 10 16 12 9 11 4 3 15 7 1 }

Polymorphs of the Costas Array = { 1 12  8 11 13  3  2  7 16  5  9  6  4 14 15 10 }
{16 10 11 4 7 5 9 14 6 1 13 15 12 3 2 8 }
{7 2 3 13 11 8 12 1 10 15 14 4 6 9 5 16 }
{9 15 14 5 2 4 16 11 3 8 12 10 13 6 7 1 }
{1 7 6 13 10 12 8 3 11 16 4 2 5 14 15 9 } //Diagonal
{16 5 9 6 4 14 15 10 1 12 8 11 13 3 2 7 }
{8 2 3 12 15 13 1 6 14 9 5 7 4 11 10 16 }
{10 15 14 4 6 9 5 16 7 2 3 13 11 8 12 1 }

Polymorphs of the Costas Array = { 1  6  2 12  4  7  8 14 16 11 15  5 13 10  9  3 }
{16 14 1 12 5 15 11 10 2 3 7 13 4 9 6 8 }
{14 8 7 4 12 2 6 1 3 9 10 13 5 15 11 16 }
{9 11 8 13 4 10 14 15 7 6 2 12 5 16 3 1 }
{1 3 16 5 12 2 6 7 15 14 10 4 13 8 11 9 } //Diagonal
{16 11 15 5 13 10 9 3 1 6 2 12 4 7 8 14 }
{8 6 9 4 13 7 3 2 10 11 15 5 12 1 14 16 }
{3 9 10 13 5 15 11 16 14 8 7 4 12 2 6 1 }

Polymorphs of the Costas Array = { 2  8  9 12  4 14 10 15 13  7  6  3 11  1  5 }
{2 15 4 11 1 5 6 14 13 9 3 12 7 10 8 }
{11 15 5 13 10 9 3 1 6 2 12 4 7 8 14 }
{8 6 9 4 13 7 3 2 10 11 15 5 12 1 14 }
{14 1 12 5 15 11 10 2 3 7 13 4 9 6 8 } //Diagonal
{14 8 7 4 12 2 6 1 3 9 10 13 5 15 11 }
{8 10 7 12 3 9 13 14 6 5 1 11 4 15 2 }
{5 1 11 3 6 7 13 15 10 14 4 12 9 8 2 }

Polymorphs of the Costas Array = { 9 14 13  3  5  8  4 15  6  1  2 12 10  7 11 }
{6 5 12 9 11 7 2 10 15 3 1 4 13 14 8 }
{5 9 6 4 14 15 10 1 12 8 11 13 3 2 7 }
{8 2 3 12 15 13 1 6 14 9 5 7 4 11 10 }
{10 11 4 7 5 9 14 6 1 13 15 12 3 2 8 } //Diagonal
{7 2 3 13 11 8 12 1 10 15 14 4 6 9 5 }
{8 14 13 4 1 3 15 10 2 7 11 9 12 5 6 }
{11 7 10 12 2 1 6 15 4 8 5 3 13 14 9 }

Polymorphs of the Costas Array = { 4  7  5 12 13  1  9 15 11  8 10  3  2 14  6 }
{10 3 4 15 13 1 14 6 9 5 7 12 11 2 8 }
{10 2 14 13 6 8 5 1 7 15 3 4 11 9 12 }
{8 14 5 4 9 11 7 10 2 15 3 1 12 13 6 }
{6 13 12 1 3 15 2 10 7 11 9 4 5 14 8 } //Diagonal
{12 9 11 4 3 15 7 1 5 8 6 13 14 2 10 }
{8 2 11 12 7 5 9 6 14 1 13 15 4 3 10 }
{6 14 2 3 10 8 11 15 9 1 13 12 5 7 4 }

Polymorphs of the Costas Array = {10  1  4  3  9  7  2 15  5 14 11 12  6  8 13 }
{14 9 12 13 7 3 10 2 11 15 5 4 1 6 8 }
{3 8 10 4 5 2 11 1 14 9 7 13 12 15 6 }
{8 10 15 12 11 1 5 14 6 13 9 3 4 7 2 }
{2 7 4 3 9 13 6 14 5 1 11 12 15 10 8 } //Diagonal
{6 15 12 13 7 9 14 1 11 2 5 4 10 8 3 }
{8 6 1 4 5 15 11 2 10 3 7 13 12 9 14 }
{13 8 6 12 11 14 5 15 2 7 9 3 4 1 10 }

Polymorphs of the Costas Array = {13  8  6 12 11 14  5 15  2  7  9  3  4  1 10 }
{2 7 4 3 9 13 6 14 5 1 11 12 15 10 8 }
{6 15 12 13 7 9 14 1 11 2 5 4 10 8 3 }
{8 6 1 4 5 15 11 2 10 3 7 13 12 9 14 }
{14 9 12 13 7 3 10 2 11 15 5 4 1 6 8 } //Diagonal
{3 8 10 4 5 2 11 1 14 9 7 13 12 15 6 }
{8 10 15 12 11 1 5 14 6 13 9 3 4 7 2 }
{10 1 4 3 9 7 2 15 5 14 11 12 6 8 13 }

Polymorphs of the Costas Array = { 6 14  2  3 10  8 11 15  9  1 13 12  5  7  4 }
{6 13 12 1 3 15 2 10 7 11 9 4 5 14 8 }
{12 9 11 4 3 15 7 1 5 8 6 13 14 2 10 }
{8 2 11 12 7 5 9 6 14 1 13 15 4 3 10 }
{10 3 4 15 13 1 14 6 9 5 7 12 11 2 8 } //Diagonal
{10 2 14 13 6 8 5 1 7 15 3 4 11 9 12 }
{8 14 5 4 9 11 7 10 2 15 3 1 12 13 6 }
{4 7 5 12 13 1 9 15 11 8 10 3 2 14 6 }

Polymorphs of the Costas Array = {11  7 10 12  2  1  6 15  4  8  5  3 13 14  9 }
{10 11 4 7 5 9 14 6 1 13 15 12 3 2 8 }
{7 2 3 13 11 8 12 1 10 15 14 4 6 9 5 }
{8 14 13 4 1 3 15 10 2 7 11 9 12 5 6 }
{6 5 12 9 11 7 2 10 15 3 1 4 13 14 8 } //Diagonal
{5 9 6 4 14 15 10 1 12 8 11 13 3 2 7 }
{8 2 3 12 15 13 1 6 14 9 5 7 4 11 10 }
{9 14 13 3 5 8 4 15 6 1 2 12 10 7 11 }

Polymorphs of the Costas Array = { 5  1 11  3  6  7 13 15 10 14  4 12  9  8  2 }
{14 1 12 5 15 11 10 2 3 7 13 4 9 6 8 }
{14 8 7 4 12 2 6 1 3 9 10 13 5 15 11 }
{8 10 7 12 3 9 13 14 6 5 1 11 4 15 2 }
{2 15 4 11 1 5 6 14 13 9 3 12 7 10 8 } //Diagonal
{11 15 5 13 10 9 3 1 6 2 12 4 7 8 14 }
{8 6 9 4 13 7 3 2 10 11 15 5 12 1 14 }
{2 8 9 12 4 14 10 15 13 7 6 3 11 1 5 }

